RAW Daten
140
155
170
173
189
186
182
208
218
187
152
128
97
64
57
76
80
48
6
-8
-5
-20
-50
-52
-39
-34
-41
-67
-68
-57
-66
-68
-67
-57
-57
-72
-74
-77
-92
-113
-109
-87
-70
-68
-74
-78
-60
-49
-57
-77
-102
-109
-92
-70
-62
-85
-113
-117
-98
-66
-34
-17
-29
-45
-17
8
-8
-50
-74
-77
-57
-24
-3
-12
-34
-41
-38
-44
-53
-42
-30
-35
-38
-42
-49
-38
-6
4
-29
-75
-84
-55
-50
-55
-33
9
38
44
43
43
39
26
3
-18
-49
-92
-125
-123
-109
-84
-29
1
-19
-70
-100
-49
27
58
34
-8
-3
68
120
103
58
43
75
107
117
121
109
83
70
86
118
120
85
52
20
0
-1
1
7
18
28
53
61
35
11
17
21
7
-17
-25
-13
-4
-9
-9
-9
-13
-35
-65
-106
-113
-51
33
19
-5
-5
20
55
84
122
139
121
98
90
91
93
100
99
87
69
54
42
11
-56
-108
-91
-54
-43
-82
-129
-151
-146
-134
-133
-153
-171
-166
-150
-124
-115
-120
-131
-138
-152
-158
-161
-166
-180
-193
-187
-185
-202
-202
-171
-139
-119
-103
-97
-94
-99
-114
-125
-146
-157
-167
-169
-154
-121
-88
-77
-86
-78
-44
-10
4
-21
-38
-17
9
10
3
-3
-3
2
9
26
36
29
26
49
74
84
89
99
83
66
48
27
44
59
43
22
21
41
51
50
58
88
116
131
132
135
164
203
244
280
308
312
298
291
278
248
217
208
194
170
152
137
130
118
96
88
106
132
137
118
71
42
58
81
92
89
81
89
97
86
71
66
59
49
26
23
50
69
56
42
41
51
59
69
65
35
-2
-19
-19
-3
21
16
-5
-2
22
44
45
33
34
43
37
24
17
29
69
89
76
56
40
44
61
64
59
54
42
36
48
38
19
8
26
55
69
60
65
84
90
88
89
98
109
119
96
71
70
77
83
70
58
52
53
49
33
10
-28
-46
-6
32
40
43
57
68
69
71
76
69
49
43
54
53
50
65
76
75
75
66
54
37
11
-13
-19
7
24
7
-21
-28
-12
-6
-14
-25
-23
-17
-21
-11
21
33
19
10
21
41
26
3
3
22
59
74
64
56
53
28
9
20
42
68
64
39
4
-23
-11
1
-13
-24
-23
-23
-8
5
-1
-19
-35
-37
-19
4
12
7
-7
-24
-25
-3
20
20
5
0
5
8
17
8
-10
-41
-52
-22
8
38
67
90
93
81
103
162
185
180
165
149
121
90
84
108
136
146
129
116
134
163
172
148
121
122
129
124
115
120
117
97
77
77
75
56
40
40
42
35
43
69
55
19
6
28
87
129
113
66
35
51
59
53
57
74
83
90
75
34
17
34
55
40
18
24
40
58
82
73
60
81
103
102
73
48
43
59
89
101
86
74
82
86
74
54
49
48
39
28
0
-21
-13
3
17
22
13
-8
-27
-33
-4
21
16
25
55
70
65
66
66
75
102
120
114
88
73
75
73
69
80
82
51
3
-8
2
32
58
67
64
76
103
118
124
92
59
80
154
197
135
38
37
156
359
453
316
59
-44
80
316
512
563
535
500
507
681
917
1031
1056
1057
1049
1042
1030
1017
993
976
984
986
941
877
822
774
723
669
604
517
438
376
310
234
163
96
25
-25
-65
-89
-137
-246
-338
-374
-386
-413
-453
-485
-514
-566
-641
-698
-742
-795
-843
-859
-852
-836
-823
-803
-772
-746
-737
-738
-749
-774
-778
-758
-744
-777
-812
-787
-728
-696
-694
-674
-646
-626
-557
-533
-510
-503
-491
-481
-487
-486
-429
-345
-290
-263
-247
-221
-211
-197
-177
-162
-164
-178
-188
-187
-177
-162
-150
-134
-105
-109
-145
-140
-109
-92
-83
-67
-34
3
19
-5
-52
-56
-18
6
-10
-27
-4
40
57
59
84
112
112
86
50
29
37
41
48
51
55
69
16
-84
-108
-56
3
11
-28
-51
-17
35
73
101
125
125
89
61
69
83
92
99
97
104
113
104
85
72
75
72
56
43
51
61
76
121
181
202
199
211
227
232
233
219
198
176
145
119
120
151
170
151
116
112
148
177
187
182
136
96
97
113
133
155
157
147
148
154
152
128
87
57
73
132
176
176
165
153
135
122
130
154
176
153
117
121
129
119
98
98
108
109
116
124
132
128
107
89
84
76
66
65
70
56
35
21
29
28
40
57
84
98
87
59
38
44
66
87
114
138
164
179
165
140
120
112
104
80
26
-19
-28
-9
25
43
38
21
10
21
51
81
105
107
70
49
66
91
102
93
82
70
52
24
6
10
28
33
8
3
16
23
27
20
13
6
-8
-18
3
44
67
59
34
-6
-28
-6
28
53
43
22
10
19
28
25
18
-10
-50
-72
-70
-36
0
21
34
33
27
27
26
33
51
51
34
26
44
81
97
86
61
39
33
51
37
-7
-23
-10
1
-1
-1
6
42
82
92
80
65
45
26
24
33
39
19
-3
0
16
18
-11
-24
18
61
70
54
24
2
4
6
-2
-11
-20
-17
-26
-46
-53
-34
-4
0
-11
-10
0
20
40
51
42
16
0
9
21
19
11
3
-2
-2
17
44
52
35
36
66
88
82
64
64
65
58
64
66
65
74
90
103
114
116
114
115
123
133
129
115
92
61
36
18
6
6
19
36
44
41
32
33
44
42
41
53
52
38
21
8
-4
-21
-19
-13
-28
-49
-55
-52
-45
-53
-71
-69
-49
-39
-50
-50
-27
-1
11
16
6
5
20
32
36
69
68
48
25
21
34
44
58
70
59
37
37
73
115
119
102
90
83
83
74
60
20
-29
-25
9
25
22
11
22
41
50
44
27
22
51
82
83
72
68
76
86
90
89
91
101
102
92
102
106
82
50
38
51
56
41
10
-21
-29
-1
48
82
85
76
72
66
56
55
48
32
13
10
13
12
10
6
7
16
23
16
-7
-35
-36
-7
12
23
21
26
52
76
74
57
48
41
26
11
-2
-5
4
17
42
65
53
21
0
4
28
40
32
-1
-17
-13
-5
11
17
17
22
11
-2
-10
-3
25
43
38
20
5
8
23
23
4
-12
-11
1
2
0
1
4
9
13
16
11
4
-9
-13
-3
12
33
53
43
0
-38
-41
-9
19
13
-7
-24
-41
-45
-28
-5
18
21
1
-29
-52
-43
-9
8
2
8
6
-12
-27
-23
-35
-53
-70
-87
-86
-75
-78
-83
-75
-65
-41
-17
4
9
17
28
45
59
66
53
27
1
-26
-38
-29
-18
4
45
73
69
86
129
176
182
161
173
204
216
218
217
227
244
247
218
180
153
135
130
129
120
102
99
116
115
91
77
85
103
105
90
73
67
68
72
86
101
114
121
124
119
104
101
101
106
115
131
139
128
102
81
75
83
84
81
86
93
77
56
61
84
90
80
75
87
97
86
57
40
45
44
35
45
89
123
145
130
100
89
101
124
144
133
115
83
54
71
134
169
140
101
85
100
123
131
114
108
147
195
213
202
188
176
171
176
176
152
139
184
256
305
304
301
380
486
522
513
516
567
632
722
806
880
963
1013
977
967
1042
1106
1059
996
964
953
906
856
871
923
902
786
660
571
522
504
482
411
316
233
145
54
-18
-84
-154
-231
-290
-334
-404
-470
-492
-524
-585
-638
-665
-681
-696
-710
-742
-769
-775
-776
-775
-789
-808
-833
-860
-873
-870
-872
-871
-860
-839
-810
-803
-813
-809
-775
-738
-724
-740
-755
-754
-743
-711
-661
-627
-606
-581
-551
-539
-557
-551
-74
-36
-35
-51
-50
-21
7
23
26
26
28
44
56
50
50
53
70
83
90
92
98
114
132
147
165
172
167
151
146
146
163
171
179
182
176
157
166
187
184
160
146
139
115
101
118
149
172
177
160
139
130
148
208
241
213
161
141
167
204
215
200
193
184
155
124
128
137
132
120
116
130
147
170
185
179
178
184
183
188
213
227
204
162
120
108
115
129
134
131
138
164
177
149
113
102
104
96
100
128
144
132
97
70
64
68
66
60
40
21
18
18
20
28
27
22
35
57
80
81
66
56
60
60
49
38
41
53
68
83
100
117
133
161
187
193
192
170
150
154
146
115
82
54
50
72
87
97
107
116
120
115
101
104
115
103
86
81
91
115
120
117
128
149
160
154
154
147
139
145
135
138
153
157
146
137
137
130
106
93
96
90
76
82
99
115
106
76
65
75
96
117
129
114
101
96
80
48
36
69
109
130
132
128
128
148
171
171
149
115
89
75
60
50
52
71
75
66
55
52
51
37
19
-1
-7
-8
-12
-4
27
57
66
42
16
9
11
21
22
17
18
26
50
38
12
11
27
38
40
51
64
60
59
73
89
81
72
88
115
134
137
135
137
136
132
124
112
84
68
55
35
24
39
66
69
50
40
61
82
82
61
53
57
57
40
28
33
42
34
16
17
27
44
57
69
72
77
98
107
108
96
73
72
99
101
69
32
37
69
72
57
58
75
83
60
35
13
34
72
74
61
59
60
56
59
76
87
91
77
42
16
6
17
25
24
20
13
17
21
26
38
52
50
32
24
50
70
58
28
12
9
4
23
55
73
85
86
88
92
85
66
49
38
28
11
3
-2
12
35
37
41
42
39
11
-19
-24
-3
12
5
3
22
41
55
72
96
100
86
64
28
11
22
60
75
58
38
34
39
41
52
53
52
51
59
77
77
76
75
71
83
86
66
42
50
91
107
93
102
129
132
129
129
122
101
91
99
99
86
75
66
58
50
40
39
64
100
121
113
91
88
82
71
57
51
51
55
49
28
21
27
50
82
114
117
100
72
42
36
55
85
90
81
83
105
120
115
116
123
114
84
68
80
98
99
84
68
59
81
117
125
112
106
103
105
119
122
101
92
108
118
117
102
92
84
82
93
107
105
85
69
59
71
103
113
97
81
80
84
80
73
68
66
59
64
54
28
23
35
39
41
36
34
28
38
44
39
42
49
34
16
21
37
44
23
-17
-40
-42
-29
-10
7
6
1
-7
-9
5
23
18
8
10
12
11
-3
-35
-59
-62
-53
-23
9
17
3
-6
-9
6
32
64
90
87
53
16
-5
-26
-52
-50
-36
-39
-37
-42
-42
-43
-56
-59
-61
-72
-81
-71
-51
-54
-89
-85
-40
-22
-29
-21
-5
-14
-49
-82
-91
-78
-60
-41
-29
-33
-42
-57
-56
-28
-13
-39
-81
-104
-110
-102
-97
-87
-83
-78
-72
-53
-30
-7
-8
-29
-22
0
13
19
13
11
12
28
66
102
98
83
71
66
76
108
125
114
104
104
116
128
106
82
88
108
104
83
84
103
108
102
88
75
74
82
87
96
116
144
160
147
147
170
171
165
169
180
178
154
132
128
149
171
181
180
163
147
162
198
216
194
144
118
144
176
213
241
210
139
101
112
118
113
119
148
147
115
153
250
267
150
69
140
261
309
305
310
393
585
733
796
854
941
1044
1122
1175
1209
1217
1232
1271
1301
1296
1254
1179
1096
1027
966
906
850
779
688
593
531
475
393
298
214
129
27
-62
-113
-138
-163
-194
-228
-260
-299
-359
-423
-457
-470
-494
-533
-572
-597
-609
-618
-638
-660
-685
-701
-706
-723
-742
-746
-729
-685
-648
-622
-610
-600
-598
-599
-593
-571
-552
-545
-537
-520
-507
-497
-472
-444
-438
-438
-421
-394
-375
-369
-365
-365
-372
-381
-360
-313
-297
-321
-334
-349
-355
-334
-321
-317
-312
-293
-260
-218
-193
-186
-187
-194
-188
-167
-136
-114
-101
-100
-92
-70
-50
-58
-70
-41
24
72
64
34
21
34
64
85
99
107
108
101
97
100
105
115
124
132
122
101
101
122
132
122
117
105
105
115
115
117
119
121
120
120
122
104
86
97
121
163
192
170
135
114
121
136
150
153
147
137
122
103
97
109
133
148
150
144
123
100
80
71
70
73
76
77
71
69
73
91
119
129
118
97
91
118
133
149
172
186
193
197
193
177
163
154
153
146
153
156
131
112
113
128
144
156
161
153
148
149
139
130
138
153
163
163
161
151
144
133
128
136
156
171
167
151
140
145
148
154
172
205
242
246
220
194
179
171
150
115
82
68
66
55
38
25
27
34
40
53
57
59
66
70
69
69
65
53
51
43
26
4
-11
-18
-2
5
3
12
29
51
71
90
105
93
75
67
73
64
36
20
3
-6
3
39
57
43
50
67
64
64
74
83
77
67
71
82
88
105
128
136
141
140
151
162
148
125
137
166
189
194
181
155
145
140
163
189
197
181
151
141
128
98
82
89
104
118
107
87
75
90
112
112
83
50
36
11
-24
-21
10
32
16
-9
-10
1
4
22
48
32
9
11
27
49
60
59
38
16
4
6
11
11
28
42
42
49
66
69
54
48
58
66
57
53
64
90
113
120
115
83
51
34
44
76
103
107
99
83
59
74
112
137
124
92
76
82
69
54
55
56
60
57
58
69
81
86
77
66
66
85
115
128
106
75
58
71
103
107
86
70
65
66
67
54
36
35
40
48
45
42
52
69
85
89
74
50
29
34
53
72
81
99
102
87
65
43
40
58
88
92
68
54
60
81
113
132
130
117
117
116
97
86
85
86
90
106
103
86
70
57
43
53
73
34
1
-25
-34
-27
-19
-24
-42
-53
-42
-11
11
23
40
59
58
40
33
64
104
113
77
50
52
66
71
51
11
26
66
73
57
37
24
10
4
10
20
16
0
-6
-8
-22
-30
-20
2
22
28
21
19
32
50
52
33
4
-9
6
36
49
49
59
65
58
49
44
58
55
40
37
53
70
65
58
54
40
21
22
20
20
21
6
-8
-5
7
11
1
-10
-20
-24
-23
-18
-17
-7
9
29
40
23
9
21
36
37
33
34
17
-8
-21
-29
-36
-35
-36
-40
-52
-77
-108
-131
-132
-123
-109
-94
-90
-104
-121
-120
-106
-99
-118
-167
-203
-206
-201
-232
-291
-331
-334
-317
-291
-270
-257
-250
-252
-260
-253
-227
-214
-235
-251
-237
-231
-245
-253
-248
-247
-238
-230
-225
-204
-180
-167
-147
-116
-99
-93
-92
-70
-49
-60
-77
-71
-52
-28
-12
-6
2
8
0
-18
-24
-20
-8
5
10
18
32
54
72
81
76
69
67
71
73
54
42
57
86
100
85
74
65
41
20
18
20
33
32
23
19
12
39
66
82
84
91
99
101
112
131
164
180
162
138
120
101
81
69
77
96
86
60
44
57
74
74
75
88
87
73
66
70
82
76
56
16
-33
-77
-139
-187
-212
-236
-265
-275
-258
-216
-179
-162
-162
-161
-132
-99
-83
-84
-82
-49
0
26
50
85
118
128
131
145
164
164
141
129
155
182
184
187
213
233
233
241
251
264
263
245
219
227
269
294
259
214
202
200
187
202
251
280
262
253
280
301
322
332
341
348
355
363
362
369
359
305
264
278
308
682
604
492
372
266
165
80
29
19
-81
-168
-212
-233
-286
-371
-417
-428
-457
-500
-522
-531
-537
-548
-562
-579
-594
-621
-658
-676
-669
-653
-634
-641
-629
-620
-615
-589
-556
-551
-573
-589
-566
-518
-471
-452
-483
-541
-600
-615
-574
-520
-483
-453
-411
-362
-318
-290
-261
-230
-203
-194
-205
-218
-195
-149
-110
-88
-67
-67
-70
-52
-37
-23
-7
-3
-9
0
37
61
69
58
49
38
21
17
25
42
61
70
68
73
103
106
84
76
89
101
101
115
133
144
139
149
173
194
182
169
184
188
197
202
213
219
221
213
201
203
208
201
198
209
235
262
253
233
225
219
226
195
144
133
157
170
160
163
192
208
202
185
172
176
179
179
170
154
141
141
156
183
210
218
210
184
164
151
155
166
168
162
145
137
135
146
156
155
148
146
148
152
150
148
146
137
115
89
84
102
123
136
136
123
118
120
129
148
155
147
133
122
133
147
149
139
124
129
130
138
140
146
140
109
80
80
91
92
76
70
74
75
58
32
12
20
36
42
41
33
7
7
53
89
73
43
39
56
65
54
56
76
89
107
128
118
99
99
108
99
65
54
73
81
75
77
88
96
97
98
96
83
56
24
22
37
50
66
80
76
67
65
73
88
93
84
69
53
51
72
86
72
60
54
40
39
50
44
37
18
-4
-6
-1
3
2
6
4
-13
-36
-30
-17
-9
-25
-55
-61
-57
-56
-66
-108
-182
-248
-309
-378
-446
-492
-524
-550
-586
-620
-628
-611
-584
-572
-582
-594
-629
-685
-747
-811
-873
-918
-963
-1020
-1052
-1060
-1063
-1050
-1028
-1009
-988
-967
-930
-905
-894
-869
-836
-812
-806
-801
-802
-817
-838
-852
-853
-860
-870
-870
-874
-875
-871
-866
-865
-868
-866
-855
-845
-838
-824
-807
-789
-764
-745
-727
-708
-683
-660
-635
-613
-585
-562
-537
-516
-469
-445
-425
-404
-385
-370
-347
-324
-302
-290
-265
-225
-177
-131
-87
-34
35
114
184
251
315
374
423
468
514
565
618
663
711
773
822
833
816
820
850
858
851
841
853
877
901
906
900
903
912
909
905
901
909
919
922
923
912
876
851
845
851
859
875
887
893
884
857
832
827
859
885
871
827
803
792
769
736
714
696
663
649
659
667
665
643
615
614
635
658
651
625
618
625
599
563
549
553
569
588
578
534
491
471
464
475
503
521
524
517
509
493
483
475
485
496
487
467
451
449
440
412
385
378
390
395
384
357
340
341
356
369
369
346
313
288
267
279
320
320
294
276
258
233
220
241
267
267
268
293
314
312
297
300
325
353
363
361
348
322
292
279
288
306
322
315
285
242
209
197
197
202
212
200
180
163
140
133
144
145
147
156
151
134
108
98
112
131
153
185
199
198
202
214
217
209
180
146
135
155
172
165
131
91
77
80
81
74
67
59
42
20
19
41
64
64
52
26
3
5
12
10
18
43
60
67
67
59
54
33
12
21
37
40
50
59
60
52
50
75
106
123
119
101
99
107
102
86
85
81
68
59
66
77
87
96
92
72
48
42
51
41
25
24
50
80
84
73
69
59
48
44
66
82
74
56
52
56
55
41
56
92
117
103
72
55
52
58
65
44
27
24
17
12
34
58
48
19
13
26
27
17
-4
-23
-27
-21
-27
-42
-59
-69
-66
-61
-60
-55
-43
-35
-13
-1
16
35
55
70
75
97
109
114
114
108
87
66
70
91
114
130
120
92
64
56
58
76
87
64
35
21
38
77
116
134
146
160
164
166
180
186
169
137
99
76
86
103
108
97
84
86
104
124
134
133
131
130
131
129
123
105
86
87
88
83
59
33
11
8
28
61
84
91
98
105
108
103
92
72
60
72
75
81
82
60
44
34
22
19
28
50
60
71
86
99
92
74
60
57
80
101
105
85
67
56
48
37
25
12
20
44
56
51
42
26
19
32
56
71
76
56
17
0
9
35
55
74
83
66
37
26
49
70
66
41
10
-21
-29
-26
-12
11
37
43
28
5
-19
-42
-51
-51
-22
27
73
97
121
167
197
184
165
164
170
155
115
85
76
69
72
84
90
93
99
104
81
25
-11
-10
10
19
-1
-28
-37
-27
-14
-1
2
10
21
17
9
9
0
-18
-29
-26
-18
-19
-21
-25
-11
10
36
44
36
39
39
45
65
82
85
60
27
7
5
12
8
-22
-38
-22
0
10
11
16
5
-10
-5
25
51
58
65
60
49
38
22
18
19
10
1
12
38
51
50
50
61
85
97
89
80
67
52
66
99
124
132
106
71
60
72
81
74
73
80
73
68
43
26
37
36
23
-11
-75
-120
-136
-139
-171
-269
-410
-548
-665
-770
-858
-947
-1031
-1092
-1128
-1142
-1131
-1058
-931
-796
-691
-598
-516
-421
-323
-241
-181
-135
-94
-54
-24
-5
0
7
42
103
153
192
219
242
269
294
295
291
296
309
323
322
277
218
203
249
306
327
309
298
309
314
311
314
317
316
311
307
296
281
268
274
280
278
277
268
249
225
221
242
237
215
216
240
256
236
211
212
220
237
261
275
268
231
199
194
184
165
154
152
165
173
150
114
83
76
96
98
89
91
100
89
67
33
1
5
40
66
74
71
66
53
35
25
17
12
26
25
-1
-13
5
38
57
44
9
1
37
98
131
91
33
16
37
69
91
115
146
184
231
216
169
173
242
320
373
411
443
444
467
531
635
742
841
880
905
933
983
1031
1049
1037
1012
1012
1002
961
916
886
849
801
754
722
704
661
598
520
432
332
225
119
37
-12
-70
-142
-203
-243
-259
-281
-329
-373
-403
-453
-532
-604
-644
-649
-666
-685
-681
-669
-652
-635
-632
-644
-664
-673
-675
-679
-669
-662
-666
-665
-644
-633
-646
-659
-645
-602
-553
-518
-517
-519
-499
-460
-430
-418
-396
-372
-346
-317
-291
-280
-289
-283
-247
-200
-168
-164
-158
-145
-130
-130
-129
-118
-102
-88
-86
-97
-104
-93
-65
-38
-41
-76
-103
-94
-61
-45
-41
-28
-6
21
43
56
57
45
41
56
70
68
67
80
81
85
97
107
122
117
93
89
106
129
151
173
179
176
166
166
162
157
172
193
199
186
172
187
212
210
199
182
164
148
139
152
171
183
197
203
198
196
203
202
181
151
130
134
157
176
182
178
179
185
187
185
185
182
184
203
224
229
240
249
253
248
231
220
218
217
220
220
212
213
220
231
232
229
244
250
247
229
201
176
181
209
209
196
181
169
162
150
151
164
170
164
148
133
116
98
71
65
69
56
44
42
28
1
-26
-40
-46
-38
-7
27
40
20
12
22
52
76
80
52
22
21
40
49
48
42
42
70
100
106
104
100
93
99
107
96
76
84
91
88
80
75
72
66
75
102
113
104
101
87
59
34
28
34
24
12
16
23
32
42
42
36
44
74
96
96
83
81
84
76
67
77
85
86
91
92
91
101
107
102
97
100
114
123
124
103
82
76
93
113
119
112
91
81
71
74
77
72
64
52
24
8
8
8
6
4
23
41
41
36
41
53
48
32
23
12
-9
-17
3
12
9
19
25
17
6
0
5
35
65
71
48
28
34
58
89
100
83
59
49
45
45
44
40
34
36
41
58
72
68
57
49
42
36
39
56
57
41
24
2
-29
-51
-49
-39
-23
-8
-17
-17
6
28
32
29
35
42
32
7
12
42
73
89
68
44
71
73
86
97
90
73
65
81
102
113
99
70
48
44
57
68
72
82
99
114
125
135
124
107
90
68
52
59
82
76
80
97
109
105
87
82
89
101
112
98
70
58
67
71
68
59
49
40
29
12
-6
-20
-5
16
32
60
76
77
88
112
120
117
105
84
75
74
70
73
90
99
83
61
66
70
68
69
70
67
66
64
70
86
84
51
11
19
37
29
19
38
65
71
73
81
89
86
71
57
52
65
75
80
68
51
40
41
57
73
87
109
124
124
113
108
116
113
114
106
98
92
81
66
71
98
117
130
120
99
86
72
56
50
52
45
26
23
34
36
-3
9
34
51
57
55
58
65
59
33
10
19
45
61
59
57
50
40
51
81
98
87
65
50
40
35
22
9
10
10
8
21
24
18
17
24
36
40
44
41
40
41
41
44
49
48
22
1
13
45
55
40
34
39
56
56
42
28
25
25
13
-1
-17
-21
-6
10
20
16
5
-3
-10
-9
-17
-37
-46
-38
-11
6
9
12
23
24
22
33
53
60
45
28
26
32
32
28
28
25
22
32
44
61
82
92
101
113
121
118
90
60
40
37
40
22
1
0
18
44
55
45
42
51
74
91
87
81
70
58
57
71
96
105
96
82
83
91
96
87
68
64
74
81
82
75
70
56
49
54
66
64
49
44
51
64
74
70
67
93
123
123
96
69
91
129
140
134
134
139
120
105
91
74
59
57
53
35
35
52
53
44
54
74
91
83
66
69
72
57
52
77
90
85
83
86
99
105
76
25
56
84
71
48
25
35
67
87
87
76
70
74
89
117
125
118
112
108
112
119
118
98
90
89
87
89
80
68
66
66
54
34
24
32
50
72
66
52
55
71
82
75
57
57
65
55
34
26
17
10
8
6
-1
-18
-28
-20
7
38
48
38
37
57
84
101
98
86
73
44
12
-1
7
20
26
53
84
52
-14
-40
-23
-2
12
11
10
1
-8
10
36
43
20
-17
-27
-10
21
52
67
51
39
52
50
50
65
55
34
-7
-46
-66
-45
-10
-3
-19
-24
-6
37
90
148
171
154
162
220
294
365
458
541
594
651
737
812
866
907
947
968
967
981
1001
997
983
973
955
928
881
833
800
769
708
612
518
461
426
381
321
267
230
177
107
43
-7
-52
-100
-155
-215
-289
-371
-433
-469
-492
-524
-557
-602
-647
-673
-673
-676
-690
-711
-732
-742
-733
-709
-683
-669
-660
-646
-626
-613
-616
-617
-602
-579
-566
-561
-556
-537
-529
-549
-562
-537
-505
-478
-452
-420
-395
-390
-386
-354
-299
-262
-260
-289
-305
-285
-258
-236
-229
-213
-186
-157
-137
-132
-140
-141
-123
-121
-113
-81
-46
-26
-27
-34
-28
-18
5
32
37
34
27
22
34
65
93
109
118
124
149
162
133
106
130
168
193
192
170
181
211
213
189
177
185
182
163
154
157
154
151
165
173
189
194
185
189
185
167
154
149
152
164
169
169
189
228
249
249
241
230
227
220
211
210
209
194
173
157
146
149
154
170
196
208
196
164
128
104
99
104
120
155
193
188
171
168
183
186
170
147
136
135
130
125
119
120
137
162
160
138
134
133
121
115
118
129
130
108
90
108
151
171
156
130
117
115
128
120
105
103
103
108
132
148
145
124
117
130
124
99
72
68
72
90
113
125
106
88
82
80
81
82
80
64
32
8
5
3
0
-2
1
2
9
27
34
37
49
50
28
-4
-18
-12
-9
-26
-45
-38
-9
27
45
33
22
32
37
48
40
27
20
21
22
33
56
69
64
50
49
65
73
69
60
71
83
74
69
85
98
85
70
81
98
92
75
49
12
2
3
1
-2
2
5
16
26
33
35
34
24
16
23
41
43
35
27
20
4
2
10
18
22
11
12
35
73
83
60
41
37
40
41
41
43
51
54
53
48
50
53
75
92
86
59
34
26
25
20
9
19
37
34
33
38
35
25
16
5
16
27
19
4
-9
-36
-41
-26
-18
-21
-29
-39
-41
-33
-10
5
22
29
12
2
26
32
26
18
10
5
-17
-39
-45
-42
-34
-18
-8
-4
-6
-23
-34
-33
-35
-30
-20
-3
-6
-26
-37
-35
-20
-3
3
4
6
11
7
1
6
11
16
25
27
17
11
5
0
-13
-60
-98
-94
-75
-65
-72
-76
-74
-73
-66
-34
13
55
69
55
37
33
34
25
16
17
27
43
52
44
27
7
-9
-7
8
17
23
53
86
83
60
48
53
59
48
37
33
19
-6
-24
-29
-33
-33
-21
-5
8
16
-4
-34
-45
-19
6
8
-2
-10
-19
-19
-3
21
8
-14
-4
36
72
87
73
65
61
66
91
113
108
91
61
21
3
9
41
74
77
56
48
42
33
17
-3
-17
-11
3
16
18
12
24
43
49
35
32
27
11
4
5
18
29
49
67
70
70
69
60
48
28
18
25
39
52
61
56
49
48
53
60
72
74
60
36
0
9
24
43
58
57
34
-1
-36
-77
-135
-195
-247
-307
-370
-423
-487
-555
-596
-605
-615
-631
-645
-651
-665
-698
-722
-749
-791
-829
-871
-905
-923
-946
-1001
-1095
-1201
-1314
-1414
-1497
-1539
-1561
-1586
-1596
-1589
-1570
-1543
-1511
-1477
-1435
-1394
-1347
-1301
-1254
-1209
-1164
-1122
-1079
-1037
-998
-961
-922
-887
-853
-820
-789
-758
-728
-699
-673
-646
-619
-596
-571
-549
-526
-505
-485
-466
-445
-428
-410
-394
-377
-361
-346
-330
-315
-299
-281
-261
-235
-204
-168
-130
-97
-71
-49
-28
-24
-14
10
54
98
136
168
196
224
259
306
360
425
477
523
572
600
608
626
657
689
728
771
801
818
834
860
886
884
876
885
908
934
941
949
957
977
971
944
935
962
988
987
971
954
951
950
938
920
904
902
913
902
882
864
844
832
826
829
822
808
785
770
787
789
764
737
728
730
690
699
738
753
733
706
682
678
682
680
665
644
619
597
576
564
556
550
564
572
552
536
532
512
475
452
450
464
460
464
466
464
453
445
436
424
419
418
434
455
459
452
438
436
429
426
439
432
402
385
391
391
380
373
377
389
387
378
375
369
354
340
332
326
328
329
326
324
313
289
267
269
297
336
338
305
276
272
281
291
294
290
275
260
259
265
292
336
356
344
332
339
332
313
294
278
262
242
232
247
247
225
220
243
257
256
241
225
217
217
216
197
176
176
188
192
171
148
140
149
163
164
165
172
163
146
133
146
172
196
192
163
144
139
136
137
145
148
155
155
151
171
194
188
179
164
147
136
116
89
75
67
54
39
38
59
80
102
113
98
81
89
98
88
65
37
28
56
91
113
121
120
116
108
108
118
132
135
122
101
99
114
108
92
88
109
135
139
115
76
57
51
59
93
109
92
59
29
29
51
82
100
100
84
72
76
90
89
74
82
98
114
128
116
93
82
96
138
166
151
119
83
61
76
85
67
59
75
85
64
26
19
34
49
51
48
49
53
57
53
44
50
56
52
49
45
26
7
13
34
37
40
50
69
86
90
91
117
147
135
98
70
52
49
51
54
58
66
68
68
69
70
73
77
71
66
58
42
29
39
68
99
100
75
55
54
56
44
37
44
69
83
66
44
44
42
37
16
-5
-7
-3
-5
10
32
39
38
22
9
13
22
24
33
42
41
33
37
48
67
80
82
33
32
23
8
-13
-30
-1
54
69
53
36
25
35
56
64
40
6
7
34
49
37
18
13
28
37
40
50
52
49
51
59
65
70
76
71
54
50
43
25
2
-2
11
17
21
19
21
25
29
17
-5
-29
-30
-6
17
28
28
26
26
21
5
-21
-42
-66
-59
-21
21
50
58
71
112
152
157
133
120
133
136
116
100
93
97
102
109
106
83
45
8
-23
-34
-29
-34
-28
-21
-20
-29
-27
-10
-7
-18
-36
-41
-12
21
22
11
3
-1
5
32
57
56
42
42
60
65
44
16
1
5
-4
-23
-28
-40
-54
-52
-39
-27
-28
-39
-34
-21
-3
9
4
-6
-4
-7
-13
-8
3
1
-22
-37
-18
4
19
20
26
51
72
70
59
55
48
27
3
-12
-10
13
43
57
54
39
35
49
36
9
-17
-24
-13
0
9
12
23
35
39
33
11
-17
-30
-29
-21
-11
-22
-35
-24
-6
-3
-24
-41
-36
-29
-40
-46
-42
-36
-35
-27
1
29
43
39
19
11
25
36
36
27
17
35
56
48
25
17
21
25
28
33
36
32
21
9
2
5
21
37
43
36
24
23
37
48
52
61
75
90
92
75
44
27
32
37
43
67
102
116
98
70
52
51
61
59
44
27
23
34
36
28
20
26
40
51
58
69
81
85
85
66
44
56
89
100
82
70
72
75
86
97
105
116
129
132
125
98
74
73
77
77
61
48
44
42
39
36
24
12
24
45
66
81
82
74
82
86
84
80
72
64
53
54
73
106
123
121
106
114
152
149
114
97
104
133
154
164
171
155
121
117
149
180
215
249
268
309
395
476
531
602
698
771
807
835
865
889
901
913
930
947
946
902
850
843
866
855
810
784
775
770
756
716
675
641
608
571
535
483
418
357
322
288
216
117
-44
-136
-195
-221
-263
-323
-391
-450
-502
-535
-538
-541
-561
-596
-637
-682
-693
-681
-669
-673
-678
-694
-709
-716
-725
-727
-726
-733
-732
-713
-692
-664
-636
-613
-597
-588
-584
-578
-552
-533
-519
-498
-485
-484
-476
-465
-452
-439
-413
-391
-371
-348
-330
-312
-278
-254
-259
-263
-261
-245
-241
-244
-230
-200
-174
-174
-173
-164
-161
-164
-161
-153
-132
-102
-100
-120
-135
-129
-109
-101
-98
-86
-74
-68
-73
-71
-56
-46
-34
-1
27
33
18
1
1
20
35
39
54
74
98
101
76
52
39
41
55
67
65
49
36
33
33
44
49
37
53
82
74
50
28
36
64
74
71
73
75
66
51
38
25
21
33
35
20
4
2
17
42
77
121
149
151
148
147
136
125
125
119
101
104
103
77
65
81
103
112
115
118
101
83
70
73
98
119
116
113
130
145
148
139
133
117
101
96
96
99
87
85
102
121
132
135
138
138
134
130
133
134
125
119
115
125
147
137
105
82
86
97
92
89
90
86
71
66
69
76
82
83
82
77
75
85
83
72
64
72
89
104
102
90
97
109
119
115
119
136
144
144
151
154
148
150
164
184
201
201
187
182
188
178
160
164
169
145
122
123
132
135
128
117
100
87
81
71
74
98
118
130
136
148
164
165
162
166
182
192
185
181
176
177
193
209
226
241
236
234
243
245
247
260
248
217
184
154
137
123
121
121
112
98
80
65
70
93
106
101
93
86
87
91
91
89
91
92
97
98
106
123
148
152
135
114
96
85
84
80
77
89
97
84
58
40
65
98
102
91
85
58
34
33
50
52
42
34
22
6
-8
-13
-8
-7
-4
-2
-7
-8
-4
-2
-3
-22
-51
-42
-13
-8
-24
-30
-25
-11
7
20
16
11
22
41
51
32
2
-6
2
9
-1
-11
-11
-13
-22
-37
-40
-38
-34
-20
-4
0
-3
-12
-24
-29
-18
-1
3
2
2
-9
-25
-28
-25
-6
21
32
19
5
-2
2
26
51
65
53
26
8
12
33
43
54
45
26
5
-1
20
45
55
50
33
18
3
-6
-23
-37
-25
2
24
25
19
20
51
83
91
82
57
44
44
56
65
60
55
65
75
81
71
55
44
40
38
27
19
10
-3
-9
-6
5
9
5
11
20
20
10
8
18
26
39
50
56
58
57
68
72
50
27
40
80
109
121
109
92
86
87
86
82
74
60
35
17
11
19
25
26
28
35
42
45
44
54
76
85
85
100
121
122
121
124
131
138
147
146
145
140
136
129
134
153
163
176
199
210
221
237
237
230
219
199
168
138
133
157
177
176
176
179
188
198
193
177
163
145
135
122
109
103
98
105
123
132
132
121
116
119
118
120
122
118
139
178
202
194
165
144
139
155
164
154
138
136
141
139
140
140
144
149
156
156
139
128
117
122
147
171
168
151
129
114
96
73
67
66
71
74
58
48
56
68
74
69
65
55
42
36
33
26
25
39
68
82
82
80
85
96
104
114
109
97
81
75
74
70
67
72
73
57
54
67
77
83
70
52
66
86
100
97
85
89
101
102
90
77
61
51
39
35
23
16
11
5
2
25
72
112
120
100
74
75
83
81
75
72
83
93
86
64
40
41
65
87
81
49
19
4
-9
-24
-17
-3
9
22
33
39
39
37
36
33
28
19
7
-7
-13
-8
-8
-6
-9
-25
-29
-20
-19
-18
-1
23
34
26
8
-7
-21
-43
-69
-83
-88
-84
-61
-46
-39
-18
-13
-26
-22
-5
5
-9
-40
-61
-53
-17
32
57
44
19
17
28
39
34
18
8
-5
-34
-52
-40
-12
11
26
26
18
20
48
77
85
75
48
19
9
-3
-24
-40
-34
-4
33
51
56
64
40
10
2
18
22
2
-22
-38
-35
-22
1
32
59
74
67
57
68
72
48
13
7
19
21
26
52
82
56
8
-2
9
17
8
-3
-3
1
0
3
10
19
36
53
70
66
40
20
17
21
21
12
3
1
6
-5
-27
-26
0
22
53
72
45
-6
-13
38
69
32
-14
-26
-3
13
11
8
11
17
16
9
4
3
19
41
51
33
8
3
-8
-26
-8
35
58
65
91
133
167
189
218
257
291
308
328
340
417
586
674
712
792
896
984
1058
1112
1143
1154
1131
1088
1059
1066
1089
1061
986
906
827
742
680
645
617
566
449
298
199
149
97
11
-77
-180
-280
-344
-379
-414
-440
-456
-478
-520
-557
-572
-588
-628
-675
-705
-710
-713
-740
-761
-774
-780
-773
-764
-765
-775
-786
-802
-826
-827
-792
-747
-702
-669
-649
-638
-627
-593
-545
-515
-494
-482
-461
-442
-426
-419
-411
-371
-334
-316
-313
-326
-333
-315
-292
-273
-268
-269
-260
-234
-205
-178
-148
-137
-132
-108
-87
-69
-54
-56
-68
-71
-70
-71
-76
-75
-60
-45
-35
-23
-12
-1
12
19
16
20
32
36
29
32
39
52
65
59
56
68
72
58
59
83
115
124
128
129
124
137
157
177
188
195
183
154
117
91
81
92
128
149
160
163
151
136
140
153
162
145
108
84
71
65
68
72
73
90
106
105
92
92
106
105
96
85
89
108
109
97
88
90
92
91
87
84
91
104
88
74
96
114
106
92
80
72
77
83
85
82
73
59
55
64
70
73
75
84
82
70
49
48
59
59
49
50
68
83
85
72
76
90
84
54
16
-4
-8
-4
8
28
49
67
82
107
139
145
112
84
70
50
25
23
61
101
108
92
76
98
129
130
116
90
61
44
55
56
41
34
36
25
6
1
5
-3
-18
-11
19
35
25
16
16
22
38
42
37
40
50
43
20
2
10
22
24
36
40
37
48
71
99
109
118
130
131
122
112
115
132
137
121
99
87
85
76
71
75
67
44
40
37
40
57
76
96
105
100
77
64
73
104
120
108
86
74
75
88
97
98
97
96
104
109
101
100
104
97
80
80
87
92
85
55
33
37
51
60
53
25
4
-4
8
27
39
55
56
48
42
49
57
53
38
35
50
64
81
91
92
91
86
87
83
66
38
24
34
48
64
76
89
96
82
60
44
33
23
12
2
16
49
54
22
7
17
35
49
44
35
34
38
33
32
40
45
26
17
17
21
35
32
7
3
18
42
69
88
97
88
80
74
74
77
67
54
44
38
44
56
67
74
70
43
20
18
21
12
7
17
28
28
8
-8
-5
18
39
41
24
-6
-22
-9
10
25
24
21
23
27
25
25
25
6
-17
-22
-7
11
28
36
43
42
36
36
49
58
55
40
39
57
54
49
56
60
58
45
23
4
1
19
34
41
43
40
36
32
38
58
69
68
74
77
72
74
88
103
89
59
52
50
48
44
44
35
29
48
69
80
76
73
70
75
80
76
81
86
85
82
76
59
32
13
19
34
51
61
55
44
54
73
97
122
134
130
123
107
87
68
57
44
23
1
-10
-19
-14
-10
-18
-20
-9
-9
-20
-35
-41
-37
-29
-36
-37
-25
-10
-13
-20
1
22
21
7
1
16
37
51
70
98
103
87
71
60
53
54
50
36
20
6
10
38
64
69
59
54
45
36
41
61
71
71
67
64
52
45
45
51
56
56
40
29
34
37
35
21
23
37
33
19
9
5
21
51
73
75
58
54
84
131
145
108
61
44
58
85
93
69
48
43
58
71
66
61
72
76
64
48
32
32
38
32
17
4
0
12
32
38
45
53
56
49
40
33
21
21
36
58
88
92
73
60
51
34
28
33
32
24
20
9
4
12
25
32
35
44
48
24
9
11
18
20
16
18
42
66
52
23
8
9
16
17
18
25
54
83
75
58
68
87
83
56
39
32
34
44
43
21
-4
-6
12
32
25
4
-17
-35
-44
-38
-20
-3
8
9
5
11
33
27
-1
-28
-45
-54
-53
-41
-30
-21
-20
-25
-34
-26
-11
-7
-8
-10
-10
-12
-26
-41
-39
-22
-1
-9
-23
-29
-30
-26
-23
-28
-50
-60
-53
-39
-49
-68
-69
-56
-56
-91
-132
-161
-185
-215
-263
-315
-361
-402
-444
-488
-505
-491
-470
-449
-443
-420
-373
-323
-278
-241
-189
-123
-73
-58
-51
-37
-20
-2
19
33
44
72
93
99
84
67
67
80
90
92
80
70
67
60
64
80
84
89
115
149
153
129
117
112
101
93
91
92
100
100
89
80
74
80
86
91
86
75
70
85
107
105
87
82
85
87
89
99
98
76
53
53
96
163
215
233
232
225
214
224
248
260
237
199
172
170
166
161
167
193
214
211
192
177
165
162
161
155
134
100
93
105
102
89
82
73
73
101
133
128
108
105
105
100
102
107
97
71
68
83
97
97
102
114
129
137
144
136
117
107
105
108
117
128
139
141
144
137
132
151
179
146
72
41
66
102
122
113
83
89
170
265
231
136
129
168
218
296
400
496
566
653
774
884
963
1042
1121
1180
1224
1228
1209
1200
1204
1228
1245
1233
1195
1144
1063
971
882
804
717
625
549
473
374
278
200
122
68
26
-17
-68
-126
-182
-241
-307
-358
-389
-421
-451
-485
-515
-517
-518
-533
-554
-567
-564
-561
-565
-574
-577
-572
-572
-577
-573
-556
-520
-471
-445
-454
-459
-440
-419
-402
-390
-379
-370
-359
-353
-327
-307
-299
-277
-241
-202
-177
-168
-177
-202
-217
-190
-162
-146
-139
-135
-120
-106
-114
-129
-124
-99
-66
-40
-30
-27
-13
0
9
26
42
40
33
35
28
21
25
40
51
54
54
67
86
97
97
99
98
91
89
86
98
119
137
141
133
115
113
123
108
89
86
88
82
73
82
102
133
153
156
153
151
154
150
156
155
138
131
134
133
108
97
92
92
106
138
151
140
132
120
118
132
153
168
162
147
146
146
148
149
140
141
151
162
171
169
163
170
185
188
182
173
160
136
137
150
144
120
88
69
80
93
112
123
118
102
89
96
118
136
124
98
67
38
27
37
49
54
56
53
51
36
18
19
36
43
41
53
81
92
80
65
60
61
66
60
60
57
44
33
29
38
40
35
20
11
18
23
16
-7
-27
-25
-19
-20
-39
-51
-45
-38
-29
-29
-30
-37
-58
-90
-108
-120
-126
-123
-116
-131
-153
-152
-130
-101
-90
-88
-71
-44
-37
-51
-55
-37
-17
-17
-22
-24
-14
-20
-8
22
37
27
13
0
-25
-44
-52
-65
-72
-74
-69
-57
-44
-41
-42
-39
-34
-22
-9
3
4
4
27
51
49
26
10
18
27
41
50
56
71
68
43
25
18
18
26
33
21
2
-3
1
1
0
-2
9
20
32
48
50
34
12
7
7
16
22
7
-9
-22
-17
8
20
21
22
7
-5
5
18
16
5
9
33
65
76
60
45
39
37
36
27
11
9
36
51
61
75
66
41
50
87
98
96
101
107
98
85
75
70
65
48
16
3
7
19
23
12
2
4
25
42
40
52
82
102
100
88
75
65
53
53
59
75
77
59
40
40
53
71
86
92
88
70
53
64
83
100
117
123
129
128
118
87
67
73
88
90
87
88
93
116
129
117
107
114
134
157
163
140
121
119
123
109
82
72
82
89
98
98
86
77
88
117
123
116
98
91
106
120
119
132
154
168
172
176
171
165
155
137
134
136
132
122
129
139
136
116
99
116
140
120
74
48
55
89
129
133
119
134
155
168
170
171
184
187
165
136
125
138
150
149
150
152
147
144
148
148
149
169
186
172
154
155
166
170
162
154
151
135
117
122
129
124
113
106
116
118
122
125
125
124
136
148
147
145
136
133
151
171
178
168
163
160
146
130
121
118
105
91
75
74
101
131
136
138
146
152
149
128
108
101
116
141
153
139
117
121
148
153
144
135
137
148
145
123
123
135
136
146
149
150
152
161
163
152
147
156
173
161
115
77
56
37
9
-7
-17
-19
-28
-40
-38
-41
-66
-118
-152
-137
-120
-133
-148
-150
-141
-139
-123
-110
-117
-125
-130
-121
-114
-108
-116
-125
-138
-164
-188
-203
-198
-198
-203
-189
-186
-203
-237
-269
-305
-353
-412
-459
-490
-540
-584
-612
-634
-652
-648
-615
-589
-590
-614
-651
-679
-701
-738
-807
-917
-1037
-1148
-1269
-1411
-1521
-1588
-1639
-1628
-1608
-1594
-1580
-1558
-1524
-1484
-1445
-1404
-1365
-1323
-1278
-1234
-1190
-1146
-1106
-1063
-1025
-986
-949
-915
-877
-843
-811
-779
-749
-721
-692
-665
-638
-614
-588
-565
-540
-518
-493
-468
-438
-406
-369
-325
-270
-214
-156
-103
-59
-20
22
71
130
193
261
329
403
470
518
556
598
646
700
749
779
795
802
805
824
861
889
891
877
859
859
888
922
952
963
964
979
994
999
1008
1010
998
983
972
953
949
962
970
984
1002
1003
1000
985
969
954
948
951
960
946
918
896
868
841
818
825
843
758
731
710
709
634
636
662
689
709
716
691
650
664
700
725
760
810
840
890
920
929
945
1014
1125
1221
1292
1347
1392
1441
1484
1520
1553
1575
1563
1526
1481
1446
1417
1372
1314
1249
1196
1132
1044
962
896
823
739
656
583
520
472
417
343
269
202
139
92
49
-6
-73
-451
-445
-422
-405
-398
-393
-379
-365
-361
-364
-355
-322
-289
-268
-233
-180
-132
-105
-114
-139
-139
-138
-139
-130
-117
-121
-129
-124
-118
-102
-81
-57
-29
-10
-3
-8
-22
-38
-44
-33
-18
-12
-70
-73
-41
-19
-19
-14
17
52
68
65
55
70
91
97
105
132
147
147
149
155
168
177
185
196
179
145
116
108
112
114
109
103
101
104
121
144
157
154
128
80
51
72
115
140
149
166
186
185
171
166
166
151
132
134
167
213
232
224
217
233
246
246
242
248
259
260
257
252
235
214
205
202
183
151
137
139
135
120
113
112
114
116
109
106
116
122
123
118
105
106
119
122
113
101
93
113
154
188
187
171
170
170
162
163
169
169
155
145
140
139
141
136
115
98
108
125
137
134
114
102
105
104
97
90
91
90
97
106
118
125
119
116
129
141
129
108
116
138
133
104
88
96
112
117
106
98
102
117
122
108
88
87
97
87
70
70
74
75
75
83
87
75
66
73
85
74
57
52
67
89
87
64
35
11
-3
-10
-19
-10
8
19
22
28
49
69
80
81
68
64
77
88
82
72
72
81
77
64
59
42
20
6
8
22
38
38
32
10
-11
-23
-21
-12
-19
-38
-41
-27
-25
-29
-20
3
20
10
-13
-19
-8
1
10
19
18
33
53
44
8
-11
-1
18
28
27
11
-3
-14
-24
-29
-33
-33
-30
-33
-35
-46
-59
-67
-67
-54
-35
-26
-30
-26
-19
-29
-57
-89
-114
-125
-119
-92
-60
-37
-17
9
36
73
109
117
105
86
52
12
-5
3
13
5
-17
-12
3
1
-24
-37
-26
-22
-34
-55
-72
-67
-57
-67
-82
-83
-90
-107
-108
-94
-77
-76
-71
-43
0
27
36
38
37
43
54
56
53
53
61
75
72
52
39
52
66
72
70
64
64
69
68
60
41
25
21
18
12
2
-19
-23
-3
3
-6
-1
6
8
4
6
8
1
-11
-4
37
84
103
92
85
92
107
114
93
72
69
66
67
66
65
67
70
80
86
82
56
29
25
34
27
11
9
21
37
37
25
12
9
20
27
27
29
39
52
53
28
19
37
49
35
11
0
10
26
49
83
114
122
109
98
102
123
132
118
103
92
83
72
51
25
4
-6
0
25
40
48
53
57
71
68
58
50
43
50
44
28
25
23
9
-3
-5
9
26
34
26
25
27
28
32
33
34
48
49
34
28
34
37
29
26
26
19
9
5
5
11
23
21
11
11
26
40
37
27
20
13
9
8
1
-8
-5
7
12
18
38
64
75
71
49
38
41
40
44
57
70
82
98
91
67
40
32
33
35
41
32
0
-25
-25
-8
-1
-4
-10
-4
5
-18
-54
-60
-37
-10
1
8
9
20
20
16
24
33
39
52
51
34
11
-4
-19
-34
-34
-18
-4
-10
-30
-50
-56
-54
-43
-30
-43
-69
-86
-85
-59
-22
0
-1
-11
-30
-45
-44
-49
-61
-65
-51
-23
-7
-3
-2
7
10
6
2
7
12
8
5
9
7
-10
-30
-21
-4
-2
-11
-12
-14
-14
-18
-19
-6
25
60
82
80
61
18
-24
-30
-7
8
-2
-27
-36
-26
-25
-13
22
76
123
139
104
35
-6
2
23
17
-2
-10
-13
-10
4
24
39
55
81
105
99
81
146
257
354
433
458
480
557
640
701
741
772
823
882
928
930
936
1004
1093
1136
1131
1110
1072
1046
1036
986
902
843
834
818
771
694
621
565
522
492
456
406
356
294
214
145
97
45
-10
-69
-121
-170
-229
-296
-363
-417
-457
-498
-519
-531
-534
-540
-564
-601
-648
-692
-713
-710
-712
-731
-755
-773
-794
-813
-814
-803
-792
-786
-786
-794
-810
-829
-829
-801
-770
-741
-711
-676
-642
-615
-594
-570
-545
-508
-485
-471
-468
-455
-430
-423
-419
-397
-372
-353
-339
-317
-281
-235
-203
-198
-197
-200
-194
-173
-149
-126
-116
-122
-131
-129
-110
-86
-65
-41
-29
-33
-26
-10
2
1
4
19
41
42
34
34
40
45
40
23
23
44
72
82
81
89
107
113
118
121
116
128
145
149
152
148
146
165
197
212
203
203
203
198
169
179
199
208
189
182
182
183
196
202
177
135
108
107
115
120
118
107
87
65
67
81
97
115
105
93
102
120
125
114
103
104
118
130
130
117
108
107
117
131
153
172
171
149
134
133
134
134
144
149
152
162
161
156
157
164
164
173
195
204
213
210
197
182
157
136
132
131
121
129
155
183
188
188
198
204
212
217
220
218
215
199
173
171
182
177
179
172
150
138
123
114
107
109
120
132
150
165
164
163
168
164
152
146
147
148
147
140
135
148
163
168
169
165
165
167
162
146
131
117
119
141
154
154
161
170
184
199
203
193
169
155
145
129
121
119
112
92
74
81
88
88
105
132
121
107
113
129
129
121
113
103
91
87
93
103
100
87
80
74
90
121
123
107
105
116
124
124
115
112
99
73
55
49
53
69
86
86
83
81
102
122
119
114
99
76
65
58
57
68
80
76
72
70
60
51
50
55
64
64
50
44
49
51
51
51
43
32
16
17
25
32
36
32
24
36
57
72
74
71
55
29
7
0
7
21
39
55
57
41
29
20
16
29
39
20
-1
-3
4
4
12
38
53
44
41
50
58
60
56
55
56
57
56
53
52
57
66
70
81
104
114
104
88
87
101
99
80
68
73
75
59
36
20
23
41
52
54
69
83
75
65
56
59
70
72
61
57
73
69
48
44
57
55
53
57
60
65
59
52
44
44
44
32
8
-4
-3
3
12
11
19
36
45
48
44
53
69
77
69
59
68
88
88
70
52
58
82
113
125
119
103
101
106
113
128
130
114
89
71
52
24
11
18
24
26
27
28
17
-1
-4
4
25
33
25
23
21
24
35
45
48
54
65
69
69
58
50
50
43
33
16
0
-7
-1
9
29
51
51
33
16
12
20
26
38
38
22
-8
-28
-19
-12
-20
-25
-26
-29
-37
-41
-39
-25
-20
-14
-10
-10
-6
-7
-13
-17
-26
-29
-7
28
55
49
28
24
36
52
71
84
75
40
8
3
10
6
-3
-17
-27
-26
-13
-10
-1
10
27
35
12
-13
-13
6
20
13
-3
-20
-27
-26
-25
-41
-60
-59
-65
-71
-58
-41
-27
-22
-12
11
35
34
25
33
41
43
26
-8
-37
-44
-38
-26
-21
-17
-4
16
40
57
54
35
12
7
10
18
13
13
17
1
-12
-3
33
56
52
28
24
52
77
83
69
57
55
52
48
49
64
65
51
33
24
25
23
26
55
80
88
91
97
91
82
75
82
84
66
38
17
6
4
9
22
28
28
51
87
121
128
101
67
56
58
54
56
71
82
77
68
58
65
88
117
123
102
81
53
37
64
96
76
44
32
37
57
85
91
81
73
76
90
96
75
59
61
71
64
49
35
26
48
72
101
171
241
242
196
160
164
194
225
246
262
277
320
395
475
536
593
664
721
762
809
858
915
962
989
1021
1049
1037
996
966
963
950
907
851
819
807
760
715
689
662
636
627
614
581
521
454
405
379
361
330
288
220
157
103
41
-21
-67
-115
-169
-216
-273
-338
-385
-420
-471
-530
-580
-601
-605
-625
-669
-718
-753
-776
-791
-787
-779
-769
-763
-765
-794
-824
-833
-827
-823
-813
-797
-790
-796
-803
-802
-794
-778
-758
-741
-746
-744
-716
-684
-666
-662
-649
-630
-600
-557
-513
-485
-484
-490
-469
-422
-10
5
24
33
29
36
56
84
106
105
96
90
96
102
108
122
140
149
156
168
169
172
169
161
162
172
182
196
227
249
250
234
219
213
214
211
199
202
201
186
166
147
137
133
132
135
136
138
137
132
132
136
141
138
145
163
186
200
205
218
227
235
241
227
203
181
147
119
131
149
170
188
195
196
204
209
193
184
184
182
164
132
125
146
155
151
144
149
161
154
134
133
123
82
76
84
84
72
67
80
87
67
42
27
42
71
76
83
96
99
84
81
88
100
123
141
133
103
82
84
82
90
102
88
57
41
37
44
55
60
75
88
82
73
67
80
89
86
74
68
66
65
56
60
83
108
124
116
84
71
81
103
116
98
61
37
35
56
88
89
66
50
48
71
103
118
105
85
72
64
50
40
41
48
56
61
58
41
19
3
-3
-12
-30
-28
-14
-3
13
28
36
40
38
19
8
17
22
11
-3
-12
-13
5
19
11
11
28
51
59
66
65
52
40
43
49
40
36
36
36
34
27
34
43
51
58
66
73
73
70
61
41
32
42
59
64
53
57
59
55
57
74
89
80
53
37
34
35
37
40
43
53
61
71
92
115
121
117
99
96
114
137
147
144
148
167
182
197
209
212
203
192
178
184
198
200
202
203
181
169
169
169
172
167
147
130
132
139
136
128
130
135
131
118
102
103
128
150
164
163
161
154
137
131
164
155
145
152
161
172
195
193
184
185
186
176
153
151
176
181
166
157
155
164
168
160
144
137
146
151
128
88
66
64
72
80
82
86
101
99
86
75
68
59
56
65
80
82
56
35
33
48
64
74
83
82
72
55
39
21
16
29
49
67
77
86
85
91
91
82
81
90
98
91
80
74
76
92
98
72
50
52
54
54
57
56
44
32
28
42
57
64
49
26
18
16
17
20
28
40
50
64
83
93
96
96
75
44
22
26
35
40
57
65
56
42
33
35
53
65
53
39
40
50
34
12
13
27
36
23
8
6
19
32
40
56
60
44
24
8
2
7
38
58
52
34
21
23
34
32
19
21
24
17
8
3
5
19
29
32
26
38
52
58
57
50
44
38
52
73
89
98
92
82
68
58
53
41
20
1
-2
10
34
49
54
61
59
49
34
23
19
2
-9
-8
-4
-9
-12
-11
-12
-21
-26
-13
8
41
60
64
64
67
70
61
50
42
33
29
36
42
50
48
51
54
59
66
75
96
105
103
86
68
64
66
76
70
39
11
2
-8
-25
-26
-13
7
35
35
2
-8
4
25
44
55
40
20
24
37
35
34
36
36
38
42
40
22
6
16
26
33
37
36
35
50
66
67
55
51
38
26
20
16
10
20
26
23
7
-11
-24
-22
-1
17
20
17
17
11
7
7
12
8
0
9
35
57
70
69
58
58
49
36
37
39
49
58
59
40
17
9
18
25
16
-4
-9
3
9
7
8
22
29
26
25
25
25
24
28
41
44
44
56
74
86
83
72
72
88
98
53
-29
-70
-54
-21
-3
-2
17
58
86
85
76
70
67
74
66
42
17
-1
1
10
17
24
41
61
61
42
37
43
91
176
230
240
249
293
368
455
536
596
625
627
641
665
693
710
730
755
755
743
753
786
802
820
838
844
854
853
840
819
822
843
832
758
696
689
708
716
696
635
569
530
499
455
410
385
359
297
210
144
120
99
57
12
-5
0
-9
-34
-77
-148
-209
-257
-316
-387
-441
-487
-530
-561
-579
-602
-633
-661
-681
-707
-758
-806
-817
-807
-817
-843
-867
-871
-867
-867
-874
-885
-872
-844
-826
-819
-807
-775
-745
-716
-685
-660
-634
-615
-609
-599
-583
-578
-568
-556
-534
-505
-473
-443
-438
-450
-460
-453
-413
-377
-357
-331
-321
-323
-326
-329
-321
-280
-225
-169
-147
-161
-165
-155
-148
-140
-130
-107
-97
-100
-89
-61
-37
-10
6
23
38
48
66
77
82
77
74
89
114
130
137
133
108
97
98
83
50
48
25
-12
-72
-59
-62
-69
-70
-61
-33
-5
10
20
11
-5
-9
1
-6
-26
-37
-30
-3
9
1
-10
-5
11
36
71
97
75
18
-6
24
65
70
61
56
50
53
56
41
26
27
26
23
12
-1
-2
7
13
19
21
5
-19
-19
-8
-9
3
27
50
60
70
70
54
52
71
83
72
59
72
76
66
49
22
9
22
38
40
42
51
54
54
57
75
100
102
86
74
68
53
39
44
71
103
120
116
105
96
85
86
92
98
98
81
42
18
9
-2
-4
-3
-23
-42
-38
-24
-13
-4
6
28
40
21
4
6
11
26
50
50
44
64
81
83
82
76
71
65
57
56
60
74
81
66
38
16
20
44
64
51
9
-29
-37
0
40
53
53
80
108
118
113
133
186
214
201
185
178
176
184
188
165
133
131
146
140
121
128
139
138
125
104
99
106
100
83
77
74
66
64
71
82
88
76
41
-2
-17
4
20
12
-2
-23
-26
-10
10
27
21
-3
-22
-20
5
32
43
48
45
67
82
69
37
7
-11
-13
-5
-4
-6
-18
-29
-21
-4
1
1
-8
-10
-7
-14
-34
-44
-46
-36
3
52
61
49
20
7
25
51
48
27
17
20
37
51
60
59
51
25
5
6
22
29
18
-3
-6
6
7
-6
-2
20
44
56
49
43
52
55
49
57
90
114
98
72
64
71
88
91
70
50
42
34
21
20
38
61
60
34
39
61
69
61
58
65
59
44
32
37
49
42
24
0
-10
0
11
16
7
-7
-3
25
50
50
28
12
11
28
45
44
45
58
67
67
67
73
106
154
162
151
131
91
75
85
85
75
61
32
-3
5
49
66
60
51
41
41
42
51
73
102
107
102
100
123
161
165
139
128
120
99
75
66
81
101
98
82
86
101
89
80
73
60
69
88
101
99
104
107
85
55
48
53
49
-2
-27
-46
-45
-28
-11
12
43
70
69
64
68
80
87
101
107
105
84
54
43
53
57
42
19
13
18
13
3
-4
1
10
22
23
5
-8
-4
9
2
-13
-20
-9
-11
-25
-26
-22
-25
-34
-38
-35
-54
-37
10
38
53
81
58
25
42
66
89
105
131
177
233
267
327
428
531
603
970
967
988
1048
1115
1163
1171
1158
1154
1169
1194
1221
1202
1132
1063
1001
932
867
810
756
699
650
604
561
505
441
372
288
195
108
42
-9
-69
-138
-220
-294
-343
-394
-453
-505
-533
-539
-537
-549
-589
-626
-650
-669
-686
-699
-705
-702
-711
-734
-776
-812
-822
-811
-808
-802
-798
-802
-792
-759
-726
-708
-693
-685
-683
-678
-675
-485
-462
-449
-421
-392
-373
-362
-350
-325
-295
-278
-264
-249
-228
-209
-202
-189
-164
-139
-118
-97
-97
-103
-110
-118
-105
-88
-77
-84
-87
-76
-56
-27
-28
-46
-44
-28
-14
-25
-51
-50
-21
3
6
8
19
21
17
23
42
65
73
70
68
74
82
86
77
66
58
45
35
34
53
72
66
42
35
37
49
45
27
28
48
59
71
74
70
68
72
124
144
124
98
84
91
117
146
162
155
137
123
122
138
163
168
179
197
189
154
124
116
115
109
104
105
106
98
85
87
96
92
90
85
80
60
64
98
140
168
163
140
140
164
180
176
168
168
164
155
148
138
123
129
157
172
166
151
133
112
83
81
109
135
135
118
114
119
133
146
135
113
97
89
91
93
86
85
96
106
123
121
104
97
115
152
182
183
154
135
148
169
169
140
105
96
103
102
83
61
57
70
69
56
58
52
36
23
28
45
57
69
82
88
91
100
105
107
101
100
98
88
84
96
91
56
53
86
121
117
97
90
99
107
103
81
60
55
65
71
66
53
39
33
45
65
82
81
58
41
34
35
51
51
35
25
37
53
59
61
64
59
69
74
67
50
29
24
44
75
85
73
67
69
71
72
70
69
56
42
57
69
57
45
39
41
37
19
6
4
4
-2
-10
-13
-26
-49
-68
-87
-100
-88
-66
-49
-28
-4
-1
-20
-30
-20
1
7
5
17
35
41
44
42
57
88
114
118
105
91
83
71
55
48
39
23
10
0
-11
-20
-28
-24
-4
19
29
19
8
10
16
3
-13
-19
-14
-3
22
43
59
74
75
77
92
115
125
133
135
137
132
109
108
130
144
134
104
90
99
96
71
44
38
44
40
39
54
52
27
-4
-29
-33
-12
7
12
18
25
17
5
11
39
69
81
72
57
51
61
72
82
76
59
65
82
76
55
39
26
10
19
52
74
67
52
61
76
80
69
59
53
48
43
41
40
42
49
43
56
56
58
68
80
80
67
70
92
115
121
129
137
138
136
137
137
135
133
116
97
82
61
44
43
52
57
57
57
60
76
102
113
97
80
85
91
89
89
82
55
38
35
22
21
32
48
54
57
57
72
91
89
56
38
53
81
82
49
18
9
33
67
83
83
81
83
85
86
87
86
81
87
101
107
103
86
80
96
87
96
90
93
99
91
84
83
73
71
75
80
77
74
66
57
56
53
51
66
75
82
85
85
80
77
66
57
67
68
66
68
67
72
85
91
97
92
88
85
84
84
87
82
70
52
32
23
29
51
53
17
-3
17
38
29
29
38
29
23
10
1
-1
7
21
32
42
55
64
65
58
52
48
33
19
38
69
73
67
60
65
68
69
68
70
76
88
92
98
96
92
98
88
84
98
115
105
58
13
10
53
96
107
99
86
96
108
102
92
97
102
105
102
90
76
68
86
119
125
103
83
66
59
66
74
75
75
68
56
59
74
87
89
71
71
82
85
83
77
76
76
77
83
87
87
75
61
49
49
64
74
80
83
75
61
52
55
68
67
65
68
67
86
129
156
148
123
119
113
88
59
40
32
23
32
56
77
86
83
74
72
75
74
71
60
44
35
28
32
38
58
87
87
67
59
83
-2
11
51
74
87
99
113
134
146
140
146
149
125
92
74
84
98
90
83
73
60
60
71
101
81
32
-11
-26
-14
6
9
-20
-42
-34
-8
17
53
86
105
123
154
201
243
274
307
363
396
397
373
368
455
596
663
646
649
722
821
905
953
968
994
1061
1112
1123
1130
1142
1145
1141
1136
1116
1088
1049
997
931
859
791
747
715
653
572
490
403
309
219
137
67
22
-11
-83
-190
-285
-356
-425
-481
-513
-536
-548
-577
-642
-701
-727
-726
-742
-788
-830
-849
-842
-854
-869
-866
-866
-875
-881
-870
-842
-824
-833
-841
-825
-794
-773
-756
-726
-695
-670
-645
-621
-599
-581
-580
-581
-316
-294
-283
-277
-276
-267
-247
-226
-221
-228
-205
-166
-150
-154
-155
-132
-103
-88
-81
-67
-51
-35
-26
-22
-10
6
22
27
34
41
42
35
24
22
34
42
54
66
56
44
40
44
61
84
93
91
76
66
74
103
131
132
119
116
112
106
117
131
138
147
145
135
139
154
166
153
135
141
165
178
176
168
156
136
136
165
185
182
161
139
140
141
145
136
130
133
135
139
157
179
183
164
132
109
115
131
138
140
137
131
124
134
146
152
166
173
166
149
138
145
155
161
155
156
172
189
187
181
169
154
155
167
173
164
134
113
117
128
123
107
103
108
109
105
99
96
96
99
100
89
88
93
100
97
89
93
104
113
106
97
98
101
107
115
108
87
72
86
100
102
114
133
140
133
123
124
128
117
108
120
121
107
98
82
67
64
76
91
92
77
55
54
58
65
77
97
98
85
73
73
81
74
54
39
36
43
59
100
137
146
137
121
113
118
113
86
70
65
44
25
23
36
54
55
40
25
24
27
32
22
20
23
22
17
25
37
42
53
68
69
58
48
48
56
68
70
59
39
21
25
55
71
86
104
103
82
54
37
36
43
45
49
44
45
60
74
72
65
61
72
73
71
65
43
40
69
106
121
112
99
88
91
92
87
96
114
129
119
96
80
76
84
89
85
81
90
96
90
69
38
22
33
43
53
59
56
51
36
24
23
44
73
74
64
64
69
70
73
85
85
35
27
21
4
-10
-1
13
18
20
19
13
8
11
34
57
67
64
60
64
57
53
56
59
54
39
28
32
32
17
8
20
33
40
48
53
60
71
89
93
75
52
33
22
18
16
9
6
1
-11
-18
-17
-9
-12
-19
-22
-19
-18
-11
0
7
19
26
24
16
5
5
3
-5
-14
-11
9
36
50
50
37
20
26
49
61
66
64
49
38
29
23
18
23
28
34
50
59
55
43
27
12
13
25
28
32
38
54
57
40
21
20
35
38
21
19
34
53
53
57
64
54
50
55
65
57
43
29
32
40
51
59
68
71
81
87
92
114
130
116
85
70
73
76
61
57
67
77
99
108
107
108
108
106
91
73
66
57
53
38
19
19
48
86
114
123
132
135
129
112
98
81
72
90
116
120
115
112
113
104
85
75
89
98
87
68
52
52
74
97
101
97
86
74
68
72
87
90
82
85
103
113
116
107
91
83
69
53
60
74
88
99
103
103
102
97
96
108
117
112
104
97
96
103
112
114
93
81
87
88
67
43
33
22
19
34
58
59
52
50
54
65
73
73
64
38
34
65
96
122
152
148
129
113
104
100
102
96
83
65
42
32
33
48
58
80
96
90
80
75
77
81
85
89
91
81
75
87
100
100
82
67
59
44
23
12
36
56
57
56
45
28
24
23
5
-17
-23
-25
-33
-22
-6
3
8
26
26
-4
-23
-33
-33
-12
8
11
10
19
36
37
20
11
16
11
4
-2
1
4
-1
-3
1
9
38
64
70
61
40
22
32
53
53
38
19
16
22
32
40
38
36
45
60
80
103
113
83
56
57
70
80
91
104
108
108
106
118
129
114
84
70
73
75
60
39
35
49
64
74
82
80
70
64
65
58
43
43
55
58
56
69
87
98
166
147
108
98
107
115
104
82
60
56
65
59
57
69
80
67
36
17
6
-2
-2
17
27
13
-1
0
5
6
10
35
66
75
73
73
85
84
72
65
65
60
38
10
3
8
13
18
18
23
38
49
48
43
29
8
-13
-37
-33
4
33
38
24
16
24
43
60
70
69
64
58
65
54
40
37
29
22
26
39
49
33
4
-18
-30
-30
-42
-70
-85
-92
-102
-98
-75
-39
-13
-5
-10
-18
-4
20
39
49
60
83
90
85
84
87
93
100
119
137
132
121
130
130
115
114
108
99
75
41
12
4
20
40
59
73
68
69
86
99
91
76
72
76
86
92
101
106
117
117
102
87
74
73
73
76
73
69
54
40
42
57
67
67
66
66
66
80
88
84
80
82
82
75
58
53
57
53
44
56
80
77
69
69
80
101
114
112
105
105
105
108
114
99
80
73
72
65
57
56
56
58
48
29
38
69
100
105
98
102
123
133
124
119
119
117
104
84
68
67
43
33
27
29
37
54
74
90
107
109
98
77
60
45
42
59
83
103
107
89
85
85
86
91
97
103
98
89
85
77
85
105
115
114
108
102
89
75
74
81
74
57
43
55
59
34
4
-4
7
20
24
22
25
41
57
76
91
85
64
39
28
33
25
12
17
35
52
44
27
32
45
52
48
48
57
57
39
29
45
82
108
105
80
40
-3
-12
-4
-12
-21
-13
-7
-5
4
10
-17
-52
-68
-37
8
56
107
133
146
196
291
394
483
581
674
689
672
739
795
834
934
1048
1109
1112
1089
1107
1152
1158
1143
1137
1136
1120
1079
1026
964
904
845
784
708
644
588
539
486
423
360
305
230
155
96
27
-58
-152
-230
-297
-369
-435
-481
-493
-478
-469
-490
-536
-588
-629
-646
-676
-723
-749
-757
-776
-811
-840
-854
-853
-834
-818
-811
-801
-791
-785
-773
-760
-743
-714
-693
-681
-661
-638
-611
-571
-540
-530
-518
-489
-460
-452
-441
-410
-382
-375
-366
-356
-327
-290
-275
-275
-265
-237
-194
-155
-139
-141
-147
-137
-113
-90
-73
-54
-55
-61
-53
-36
-10
16
23
35
57
91
104
81
61
65
68
71
66
56
52
60
83
93
97
98
104
125
140
148
141
144
147
148
137
128
134
149
147
137
139
147
155
185
202
195
180
163
147
133
122
103
92
109
130
136
144
156
165
171
181
198
217
243
260
249
232
227
235
240
227
218
217
216
202
184
186
214
228
215
194
181
186
203
218
242
262
263
256
244
232
234
233
231
234
229
225
227
233
235
232
235
262
284
291
283
275
272
277
275
249
213
189
189
192
179
163
151
144
135
130
116
104
98
89
77
75
90
107
119
123
109
92
98
123
152
164
147
121
115
112
103
112
120
115
103
93
86
98
108
99
77
69
74
81
72
44
21
9
13
22
26
33
43
61
73
87
86
73
51
28
33
44
35
11
1
-10
-26
-38
-26
2
21
11
-8
-3
16
32
39
43
29
7
-4
-4
3
9
8
-2
-18
-22
-10
16
48
81
87
73
61
76
87
66
39
25
9
0
-8
-7
-1
2
6
10
12
11
16
20
32
40
35
20
25
39
45
33
13
3
2
0
1
0
-12
-33
-35
-21
1
35
61
64
57
64
75
92
98
89
86
80
70
56
43
32
20
24
38
44
52
56
42
24
12
16
16
-4
-18
-3
16
27
28
27
27
33
40
48
45
49
51
41
38
43
54
60
60
56
65
80
81
66
37
3
-3
1
4
18
25
26
29
34
28
26
37
37
21
4
5
24
42
37
33
32
22
3
-4
-5
-21
-36
-35
-19
-5
-1
-5
-17
-17
3
29
43
28
6
3
7
4
5
9
16
23
20
8
18
38
55
66
68
67
55
23
6
6
0
-11
-26
-37
-44
-44
-35
-34
-43
-58
-53
-22
16
43
49
33
28
40
57
80
101
123
137
117
72
37
36
51
58
55
44
27
23
34
43
56
59
49
33
33
43
38
21
22
39
42
32
21
19
16
8
9
11
1
-12
-13
1
21
32
38
53
60
39
9
6
19
22
10
-8
-25
-29
-28
-29
-24
-9
5
17
21
6
1
3
5
-6
-20
-19
-8
6
11
11
9
18
28
28
25
27
37
53
70
71
59
26
26
41
39
16
0
11
29
28
19
8
21
33
26
22
22
19
9
9
18
33
39
10
-13
-24
-13
8
35
51
43
23
1
-2
18
43
58
57
43
34
38
43
35
24
34
53
67
61
56
66
72
81
100
106
92
74
65
58
51
53
53
51
51
53
50
34
35
52
68
80
80
82
90
104
104
98
101
115
122
113
97
92
107
130
148
154
147
137
137
135
134
123
114
98
84
74
57
49
54
77
120
139
130
109
107
117
129
137
132
115
109
124
133
115
80
71
88
101
100
92
88
77
74
87
96
89
73
67
80
89
91
90
92
105
115
128
116
90
91
118
132
115
89
91
122
140
118
92
87
101
71
50
135
246
221
112
28
60
166
249
304
346
396
457
545
650
731
774
816
869
940
998
1008
1017
1063
1106
1115
1115
1108
1092
1067
1037
1024
1012
954
896
865
840
807
776
757
733
696
647
596
531
471
421
362
289
219
168
119
51
-24
-90
-134
-166
-195
-282
-354
-422
-478
-524
-567
-604
-633
-650
-668
-697
-716
-727
-737
-763
-797
-833
-860
-881
-887
-882
-870
-866
-873
-883
-882
-860
-817
-777
-769
-763
-748
-721
-690
-659
-629
-603
-580
-552
-532
-515
-494
-473
-455
-423
-389
-361
-349
-341
-326
-306
-278
-241
-214
-216
-221
-230
-231
-204
-173
-151
-140
-135
-129
-120
-106
-89
-68
-53
-44
-29
-13
-11
-10
1
27
45
48
39
38
68
112
121
98
73
74
82
71
74
92
113
134
144
138
134
133
137
149
152
148
118
83
80
103
113
116
131
146
154
154
147
130
133
156
168
155
134
130
137
133
120
124
138
148
146
161
193
196
178
163
163
166
166
164
166
169
172
181
194
201
203
210
212
193
168
154
156
171
178
172
168
171
160
141
135
141
156
164
166
155
140
133
141
149
144
138
134
130
133
134
131
132
131
117
112
117
121
121
116
114
117
122
121
116
124
136
134
117
101
106
113
106
100
91
77
68
60
54
42
41
64
97
118
133
134
121
124
148
139
103
71
57
58
60
53
36
20
20
35
50
60
69
59
37
23
26
36
43
48
44
34
17
-3
-2
7
8
10
11
16
19
9
2
3
6
4
5
18
32
38
28
24
25
23
12
22
53
71
55
22
6
19
42
51
39
40
36
11
-8
-10
8
21
10
7
17
19
6
-5
-20
-37
-30
-25
-27
-19
-3
1
4
11
22
32
35
52
73
77
69
56
33
11
8
26
48
39
32
36
51
52
36
10
18
43
57
49
33
37
49
43
32
17
8
6
8
18
21
17
10
-1
-19
-28
-19
1
0
-24
-51
-41
-12
-9
-24
-33
-24
-7
7
6
2
23
57
73
67
55
67
87
84
58
42
53
70
64
58
65
56
43
49
58
54
40
37
29
23
22
43
61
57
36
28
52
71
77
69
48
33
28
37
34
20
33
71
97
96
86
85
90
93
90
77
64
52
39
36
48
58
69
84
101
114
115
100
87
91
112
128
119
100
82
69
59
59
65
61
55
34
4
-6
13
-1
18
33
32
25
24
40
65
73
60
48
35
28
33
37
41
50
55
68
76
71
81
93
101
98
72
49
48
56
51
43
56
70
64
49
32
16
3
-4
-12
-20
-11
2
3
-3
-4
-1
2
3
2
4
9
4
-5
-13
-2
17
26
20
13
23
38
50
50
43
34
20
16
11
3
-19
-28
-1
22
6
-4
12
45
66
51
18
3
3
-1
-10
-29
-52
-57
-46
-29
-14
0
12
9
2
6
18
33
36
29
32
27
17
10
11
19
24
38
51
54
64
70
69
58
45
38
41
56
53
36
20
12
29
53
53
51
43
27
16
26
42
48
49
57
67
72
61
53
66
86
101
100
88
89
100
100
76
36
5
18
64
87
100
114
106
104
101
97
100
106
109
109
99
83
72
56
35
19
2
-20
-44
-59
-52
-37
-11
25
54
81
112
135
148
161
168
169
162
145
133
124
122
123
121
117
105
106
115
106
91
83
84
89
87
68
39
18
1
2
32
51
44
38
43
59
67
66
72
88
89
69
52
36
32
40
68
92
106
130
145
148
163
176
169
153
136
118
102
99
113
122
123
130
144
154
154
138
124
122
125
131
133
137
160
192
214
240
244
226
211
188
165
149
140
129
113
97
82
61
44
29
20
22
48
81
88
69
55
66
84
87
83
83
85
83
89
98
99
107
120
117
114
115
115
108
102
97
106
118
114
123
155
182
192
184
184
189
188
176
153
139
131
122
114
112
108
106
117
135
146
138
123
105
103
100
88
86
87
84
86
90
85
84
96
102
85
72
76
85
86
85
91
90
76
80
99
119
133
135
134
133
130
132
131
119
102
93
96
98
93
80
65
70
87
90
73
70
86
115
136
134
123
116
104
98
101
113
113
115
146
171
165
151
150
146
156
163
146
114
98
114
135
148
155
186
213
200
193
215
228
177
149
141
146
186
258
361
401
348
359
480
649
784
854
916
961
1000
1069
1148
1201
1213
1207
1195
1173
1140
1107
1079
1052
1016
969
919
876
850
807
748
696
647
601
552
501
457
433
389
329
263
197
133
68
7
-44
-116
-193
-247
-280
-312
-359
-407
-443
-476
-505
-536
-580
-622
-659
-685
-717
-759
-795
-814
-813
-796
-795
-812
-824
-823
-809
-803
-808
-817
-818
-806
-793
-790
-776
-746
-730
-729
-727
-725
-713
-677
-632
-596
-577
-561
-548
-545
-535
-524
-508
-474
-443
-98
-76
-57
-50
-34
-12
-19
-30
-43
-59
-83
-92
-75
-44
-24
-21
-18
-6
10
42
71
100
115
112
109
115
120
124
125
128
123
128
146
168
178
196
214
208
196
197
213
233
233
215
204
203
197
197
210
221
218
208
203
208
208
188
165
162
171
189
194
178
162
163
166
149
135
133
119
114
119
123
116
100
86
86
96
104
114
129
144
139
137
149
165
168
164
161
153
149
132
120
128
139
146
151
167
172
178
188
208
196
157
128
121
130
137
132
114
107
118
118
102
85
73
74
88
99
99
98
100
92
86
86
98
108
102
88
84
90
100
104
104
99
93
96
96
99
117
123
90
48
28
43
73
93
80
65
71
86
83
65
51
36
26
26
27
22
16
20
36
40
34
38
68
92
91
82
68
66
75
84
88
86
75
70
69
66
55
49
58
81
72
49
43
60
84
89
76
74
84
70
49
41
54
70
66
60
70
76
82
81
71
58
49
39
45
60
69
58
52
65
84
99
107
119
120
108
92
85
85
71
60
69
74
71
59
53
60
67
60
65
91
103
92
84
85
86
82
76
80
76
59
37
24
27
41
32
9
7
24
32
23
24
33
32
25
16
3
5
22
29
35
50
65
67
73
87
83
61
43
48
65
77
83
74
51
28
26
27
22
23
26
24
32
42
51
43
36
37
42
52
61
66
80
96
86
67
48
44
51
38
16
12
26
40
43
48
54
60
65
59
44
36
28
38
48
43
36
22
20
26
36
44
41
18
-6
-10
-2
3
5
7
3
-3
-6
-13
-27
-46
-50
-34
-27
-27
-25
-24
-20
-23
-39
-46
-34
-17
10
39
52
52
55
56
56
55
57
65
57
45
48
49
45
53
58
68
74
74
69
74
75
67
59
59
82
96
71
49
55
68
61
55
68
71
52
43
52
58
58
48
28
22
7
-13
-34
-41
-26
-5
6
11
3
-8
-14
-12
-10
-6
-4
1
9
21
24
17
20
40
53
49
37
21
16
22
21
18
27
53
74
82
82
81
77
75
66
49
39
91
92
77
71
76
77
71
71
100
121
101
68
67
74
59
37
29
33
35
40
48
51
54
60
54
42
42
45
37
27
32
33
33
38
41
41
44
60
86
114
119
102
91
99
119
160
185
182
163
128
85
58
67
90
108
105
90
74
65
70
88
125
149
123
91
74
81
106
129
146
166
171
137
84
56
54
69
77
71
60
72
104
129
146
149
150
162
195
249
291
278
264
306
379
459
544
649
774
828
778
748
820
938
1018
1057
1078
1109
1136
1155
1173
1173
1154
1125
1090
1052
1013
967
908
840
778
731
689
629
555
476
396
328
292
266
219
150
74
5
-58
-126
-200
-251
-290
-340
-385
-417
-452
-500
-525
-533
-563
-605
-648
-665
-669
-693
-733
-758
-764
-777
-803
-824
-837
-830
-810
-794
-791
-790
-777
-756
-724
-689
-669
-676
-676
-647
-621
-620
-585
-565
-545
-517
-477
-451
-429
-412
-410
-410
-411
-403
-376
-341
-324
-321
-315
-299
-286
-293
-286
-264
-236
-205
-194
-194
-181
-156
-136
-121
-114
-101
-78
-60
-55
-54
-45
-36
-33
-25
-5
22
49
59
58
54
55
57
67
85
102
102
99
97
100
98
88
90
105
124
132
128
131
133
132
125
114
96
80
80
91
106
117
119
130
148
152
148
150
154
163
173
185
188
187
192
189
184
176
178
188
189
172
141
112
103
122
144
141
121
107
117
128
131
133
147
168
168
155
148
155
163
160
147
115
91
102
122
123
106
98
107
116
118
132
145
145
144
136
122
115
113
113
128
150
162
157
144
128
128
135
130
114
96
89
84
82
82
91
115
119
99
66
55
72
89
92
88
83
74
85
101
106
103
105
105
99
93
89
86
86
89
101
107
99
89
84
69
53
42
32
26
37
45
48
55
53
42
35
49
67
73
82
98
99
75
54
56
82
83
68
61
65
64
50
35
24
33
48
50
51
64
66
54
40
50
70
83
69
48
34
21
7
3
11
26
37
41
45
48
48
51
66
77
76
68
66
74
84
87
99
102
99
93
85
71
82
105
113
97
84
85
84
82
77
68
57
53
50
42
41
44
38
22
24
26
9
3
16
44
57
45
33
37
41
38
28
29
40
64
92
103
84
53
29
21
20
25
35
43
57
64
55
53
58
69
80
81
70
54
37
27
24
19
18
26
38
50
57
59
49
37
43
59
77
97
101
80
64
67
74
67
40
23
32
40
53
71
87
97
98
81
57
54
50
32
32
40
41
44
54
52
44
48
57
70
85
96
87
66
50
43
34
18
11
25
35
34
26
19
13
10
-1
-12
-18
-8
3
4
3
10
13
18
23
27
21
8
6
13
25
20
5
22
65
96
101
89
74
67
58
72
100
112
108
109
104
101
114
118
91
59
49
52
65
92
120
130
106
68
44
64
83
69
38
20
32
52
68
77
76
76
80
75
68
55
54
74
88
86
84
77
74
72
74
70
58
32
22
34
43
52
68
80
72
68
73
72
65
59
52
33
24
41
72
91
73
50
43
36
27
43
85
106
89
57
39
40
51
66
59
44
44
57
70
71
54
42
54
75
90
105
106
71
26
8
32
60
75
80
80
70
60
72
98
113
103
77
65
57
51
55
68
65
49
35
29
21
27
38
38
35
39
39
35
38
44
52
50
34
24
35
56
76
91
92
87
90
100
87
60
54
70
76
65
56
65
65
58
43
22
4
-3
3
6
7
-7
-28
-34
-7
24
40
35
3
-43
-72
-49
2
29
35
52
75
91
85
67
70
83
85
77
64
34
9
9
35
61
64
50
41
36
25
8
-8
-18
-13
-19
-29
-38
-36
-34
-42
-45
-34
-30
-68
-89
-59
-19
-10
-17
-4
26
48
29
7
-2
1
0
-2
12
37
51
34
4
-6
1
10
18
22
17
7
0
8
24
32
25
8
-13
-25
-19
3
37
48
34
23
22
35
67
88
66
29
26
42
82
138
186
221
224
217
240
309
392
443
483
545
605
657
736
832
906
957
1000
1031
1044
1044
1061
1094
1093
1073
1067
1069
1049
1000
939
866
792
755
729
695
653
611
566
523
489
455
408
355
297
242
179
121
77
40
21
17
2
-23
-34
-41
-70
-126
-183
-220
-242
-250
-278
-321
-357
-365
-345
-328
-338
-354
-358
-342
-313
-315
-357
-386
-387
-389
-411
-441
-426
-422
-478
-547
-565
-555
-567
-612
-659
-673
-666
-699
-723
-740
-748
-741
-727
-729
-732
-723
-711
-707
-709
-721
-722
-708
-685
-658
-621
-597
-596
-609
-606
-574
-540
-534
-545
-553
-549
-531
-502
-473
-446
-419
-404
-417
-429
-417
-381
-349
-329
-322
-323
-325
-314
-292
-265
-230
-186
-152
-136
-136
-132
-121
-102
-84
-73
-53
-27
-8
1
0
-8
-5
17
35
49
61
74
80
81
82
85
84
86
104
124
135
131
124
128
128
131
132
135
140
138
138
138
149
173
188
182
183
199
216
236
245
240
219
198
186
178
176
181
195
203
203
208
211
215
214
209
200
185
179
184
168
146
153
179
186
168
152
153
162
156
146
146
154
146
131
121
131
140
134
131
145
170
195
201
193
170
156
166
183
177
155
145
146
162
166
162
153
152
162
161
148
135
122
106
92
54
56
58
70
70
65
69
80
88
87
83
85
80
67
57
45
26
9
2
7
23
34
40
65
100
114
98
83
85
97
85
58
44
43
58
67
58
60
73
86
92
102
117
134
137
131
121
130
148
155
148
134
130
138
137
129
129
130
123
120
128
136
147
149
149
162
168
149
132
123
105
84
87
116
135
129
105
77
66
56
49
53
65
69
76
87
90
77
73
82
91
101
105
98
85
81
90
116
132
132
136
147
138
120
109
112
115
119
109
87
74
86
98
85
66
69
89
112
105
90
81
76
68
57
66
74
69
64
61
64
64
64
64
73
85
91
92
99
91
84
89
92
84
75
76
77
68
56
53
49
48
51
58
57
36
22
28
39
42
60
85
100
96
90
88
85
69
59
69
75
61
51
50
49
61
87
105
120
119
107
100
98
114
144
166
169
172
182
169
166
185
167
129
107
108
102
74
51
40
41
39
26
19
24
41
55
56
40
28
22
5
-10
1
19
12
7
19
26
28
54
96
122
115
86
67
60
65
72
67
51
35
28
19
-3
-26
-34
-20
-11
-19
-27
-37
-36
-13
12
28
37
39
33
32
52
70
71
60
50
40
37
43
59
84
74
42
26
28
25
24
32
41
34
8
3
19
34
29
13
9
16
26
23
18
5
4
41
72
70
72
76
73
72
76
90
108
118
109
102
100
113
135
144
131
109
89
76
66
58
54
48
38
34
24
20
34
48
59
66
54
51
65
66
43
13
3
21
43
43
39
58
76
69
55
54
60
67
68
68
80
101
97
89
89
85
72
56
69
98
105
75
50
55
64
74
90
89
80
64
53
50
44
38
45
69
81
68
38
16
9
20
29
33
29
24
35
54
74
77
72
76
101
136
139
102
66
49
40
26
22
20
11
0
-10
-8
0
10
33
64
92
100
52
-17
-20
18
37
33
19
5
-1
12
42
65
67
59
72
106
144
156
165
152
88
25
32
69
80
70
84
124
166
183
200
260
356
450
503
514
529
595
705
791
820
850
921
966
992
1018
1031
1024
1008
1014
1035
1037
1018
1019
999
938
889
868
850
832
810
763
693
629
579
528
484
441
394
304
192
117
81
51
27
2
-30
-60
-84
-105
-123
-147
-171
-190
-212
-243
-284
-328
-374
-417
-445
-477
-532
-588
-625
-649
-677
-700
-711
-712
-718
-729
-740
-745
-747
-760
-781
-798
-798
-788
-779
-787
-801
-807
-812
-810
-797
-796
-802
-804
-803
-787
-745
-698
-681
-678
-657
-615
-556
-526
-509
-510
-519
-502
-474
-457
-446
-419
-371
-338
-326
-324
-315
-297
-270
-258
-258
-259
-246
-227
-215
-199
-178
-165
-164
-145
-116
-101
-88
-77
-67
-72
-81
-67
-50
-35
-21
-2
21
32
21
5
-4
4
34
53
49
33
25
44
59
70
86
102
109
105
98
97
108
121
124
113
89
85
97
103
105
129
156
164
144
128
129
144
169
178
162
140
125
121
123
117
100
90
99
104
97
83
75
98
121
132
123
112
97
92
102
116
107
86
76
87
88
86
102
119
129
139
153
155
151
153
168
187
185
177
170
173
187
187
168
156
164
178
183
176
165
151
130
115
99
81
81
97
121
138
144
148
161
165
160
141
130
133
132
125
122
123
128
133
134
140
155
162
153
146
148
157
165
155
151
162
177
169
146
135
148
160
165
166
163
154
140
123
115
116
106
85
64
52
55
68
84
92
91
96
100
105
116
123
128
136
150
161
156
149
161
180
198
200
185
164
163
170
176
165
147
130
121
133
155
166
153
122
105
108
119
116
105
100
93
85
70
58
50
48
59
73
71
61
60
51
34
24
35
56
58
39
25
26
35
50
67
68
55
41
33
23
8
2
-8
-18
-27
-44
-43
-44
-56
-45
-24
-23
-45
-59
-59
-55
-44
-41
-45
-66
-87
-98
-100
-107
-124
-139
-147
-149
-148
-137
-120
-98
-77
-82
-86
-92
-106
-117
-122
-105
-87
-85
-82
-75
-72
-83
-97
-106
-109
-107
-102
-87
-66
-40
-27
-23
3
39
53
45
33
26
37
44
37
28
26
18
12
17
7
-5
-8
-5
2
7
8
-8
-18
20
69
96
102
102
104
108
106
101
104
108
113
108
104
104
117
129
121
117
130
140
138
132
128
133
138
133
121
122
137
136
128
136
166
185
188
193
199
213
219
214
205
187
172
184
201
208
203
202
197
192
189
188
177
163
166
180
195
196
204
220
228
231
229
226
230
237
249
262
260
241
215
208
211
204
192
180
183
187
196
213
234
240
221
195
176
176
173
164
138
117
131
139
131
122
128
118
98
74
70
85
115
138
137
123
119
125
145
166
182
176
147
133
151
170
177
168
156
163
161
137
120
124
139
147
133
116
104
100
90
69
59
74
81
65
44
32
11
-6
-19
-23
-24
-23
-23
-26
-44
-62
-59
-20
50
108
124
112
103
109
118
135
144
131
133
134
116
98
90
106
121
123
114
93
73
57
53
48
50
54
43
22
9
8
18
38
51
25
-4
-6
10
20
25
50
71
67
52
52
57
59
56
53
43
25
21
36
56
75
71
45
25
12
9
12
16
7
-1
-2
5
23
41
41
44
57
64
65
60
42
20
24
55
87
97
80
52
37
48
81
117
134
128
113
113
133
160
147
107
68
53
69
86
83
68
57
51
45
53
57
57
51
40
56
83
93
89
82
74
60
42
18
-4
-7
10
39
50
49
75
121
121
86
59
53
72
89
98
96
96
98
88
76
74
77
188
220
272
329
379
420
469
499
525
580
662
744
802
866
925
971
1018
1051
1065
1076
1079
1093
1105
1100
1096
1075
1034
989
954
932
906
883
835
743
646
566
523
497
457
404
332
273
212
129
39
-26
-69
-103
-147
-209
-265
-298
-339
-378
-409
-449
-488
-522
-565
-622
-690
-729
-742
-747
-764
-780
-785
-791
-805
-810
-828
-859
-897
-916
-903
-890
-893
-886
-858
-828
-813
-820
-806
-785
-764
-743
-718
-709
-697
-693
-675
-642
-611
-593
-586
-568
-548
-532
-497
-466
-454
-438
-418
-394
-366
-331
-292
-263
-268
-300
-316
-290
-247
-214
-185
-167
-153
-146
-139
-132
-121
-106
-98
-103
-116
-122
-104
-74
-56
-50
-37
-25
-27
-28
-11
19
44
54
64
68
57
54
76
113
137
152
149
144
146
140
137
155
179
187
185
178
163
148
148
161
163
164
162
153
144
128
112
120
148
165
168
164
162
170
188
184
176
170
169
168
173
178
177
176
173
179
185
182
184
200
210
209
214
228
227
211
179
152
145
138
136
152
172
166
140
128
140
165
168
153
147
153
145
117
107
119
132
147
146
134
124
132
148
160
157
152
153
141
133
141
146
135
117
103
108
106
85
60
50
44
52
58
57
40
19
22
33
33
37
40
39
52
83
109
97
68
54
54
70
92
100
98
93
80
51
33
40
59
83
105
114
105
102
107
114
114
104
81
60
54
56
68
90
114
129
137
137
132
132
150
168
162
145
134
124
131
148
151
122
92
90
120
150
149
146
157
179
193
180
170
177
165
134
96
73
74
89
98
86
71
55
35
19
11
19
37
38
24
32
43
44
41
40
41
53
66
58
38
35
35
13
-8
-17
-8
10
11
-3
-8
5
40
72
65
35
18
17
19
12
5
6
7
104
109
106
101
91
96
114
118
96
75
76
91
98
92
91
87
75
71
86
108
106
88
72
64
59
53
39
25
20
32
49
55
65
82
91
71
38
21
20
24
22
17
10
10
8
20
24
22
71
71
52
33
27
28
18
3
-9
-12
-10
-2
16
34
42
44
44
35
18
11
21
33
40
49
54
52
52
59
73
82
83
73
67
67
68
69
69
73
81
65
28
6
11
26
40
39
36
50
70
80
67
36
24
48
74
76
70
61
53
49
45
38
41
43
32
21
27
49
61
64
61
66
69
74
75
73
68
48
23
8
11
36
41
28
11
8
5
-2
-8
-7
10
16
19
24
19
21
22
20
19
11
10
21
23
16
17
24
37
71
104
103
99
106
119
130
129
119
100
69
50
50
53
54
56
65
100
118
89
85
117
115
76
70
113
138
124
118
132
163
204
248
306
375
425
428
429
483
541
578
624
676
727
776
840
924
1003
1028
1037
1076
1121
1145
1140
1117
1094
1077
1066
1068
1057
1017
968
916
865
826
806
776
723
659
595
539
489
440
381
317
272
249
219
157
77
13
-9
-26
-67
-133
-216
-293
-353
-404
-459
-519
-579
-626
-658
-667
-680
-723
-772
-801
-817
-823
-819
-809
-810
-820
-823
-834
-858
-874
-886
-902
-909
-907
-890
-868
-842
-821
-821
-838
-853
-855
-840
-817
-791
-776
-759
-723
-685
-663
-651
-627
-585
-553
-532
-493
-456
-445
-438
-411
-387
-365
-347
-327
-316
-324
-326
-299
-267
-252
-257
-257
-244
-218
-180
-157
-152
-153
-140
-118
-99
-81
-76
-81
-82
-92
-100
-78
-53
-33
-5
26
37
29
27
51
86
101
100
101
116
128
119
115
118
131
146
147
122
107
104
100
116
145
176
189
199
202
203
219
235
244
250
247
241
216
210
211
201
181
185
212
218
210
200
205
219
220
229
233
227
208
185
180
183
178
164
163
170
169
153
148
156
176
184
187
176
161
169
195
210
194
166
155
157
169
184
182
165
155
149
132
129
140
149
149
156
177
173
149
131
146
169
176
162
138
108
107
138
151
144
125
117
115
114
105
98
101
106
117
117
114
122
139
151
157
160
166
170
161
145
139
134
123
103
72
52
57
60
56
34
19
25
40
41
37
40
49
41
32
42
70
81
71
68
82
103
114
107
99
83
66
65
73
96
109
106
103
102
105
98
80
69
66
65
80
116
148
146
133
135
148
148
125
76
42
51
84
107
112
103
87
61
45
48
65
66
43
27
34
53
64
74
92
113
118
107
89
85
101
122
119
104
102
112
103
81
66
66
58
52
58
50
42
49
44
48
60
60
41
24
20
25
28
22
8
-2
-13
-30
-38
-25
0
16
18
24
35
40
48
71
107
136
125
93
87
105
125
148
168
163
131
107
117
135
135
125
118
114
120
114
116
140
170
177
189
218
245
246
259
305
361
405
473
531
533
523
539
599
681
747
812
840
876
892
858
842
910
995
1034
1052
1089
1072
1028
1037
1101
1145
1117
1046
968
892
823
773
732
693
656
609
545
482
427
380
333
277
192
80
-35
-124
-193
-249
-309
-373
-443
-519
-596
-657
-700
-728
-757
-785
-801
-805
-811
-829
-858
-867
-853
-837
-839
-854
-857
-859
-877
-898
-887
-860
-844
-844
-861
-888
-874
-835
-811
-809
-810
-805
-789
-761
-730
-694
-641
-590
-574
-571
-553
-541
-536
-517
-497
-481
-467
-439
-403
-371
-347
-338
-343
-348
-345
-330
-311
-283
-250
-234
-227
-210
-185
-167
-170
-181
-164
-140
-130
-117
-101
-87
-62
-25
13
48
56
56
67
88
107
120
134
148
162
170
170
155
136
134
137
130
121
125
140
157
160
137
123
138
169
187
200
202
178
144
130
133
146
162
180
198
211
210
186
184
200
202
186
170
178
195
211
218
217
237
249
232
203
184
186
203
205
199
196
204
220
211
187
179
176
169
165
169
180
189
187
171
167
164
153
154
173
193
192
178
167
163
168
181
192
193
184
171
154
148
145
134
130
162
205
213
197
185
182
178
163
167
185
192
168
137
104
81
86
103
116
120
128
140
144
129
105
103
124
138
137
122
100
82
70
75
89
103
113
105
101
100
97
90
82
75
82
84
87
93
97
92
82
57
34
25
26
34
45
55
59
61
64
66
59
66
85
89
80
66
57
53
48
52
72
83
75
67
65
65
60
57
40
19
7
6
6
6
11
13
16
11
6
4
8
24
44
64
75
72
43
29
39
55
74
85
91
91
80
64
56
73
93
104
101
88
59
33
27
32
19
-2
-9
-10
-19
-23
-26
-28
-25
-24
-26
-26
-23
-22
-39
-67
-73
-51
-18
-11
-37
-68
-89
-98
-99
-97
-91
-97
-98
-82
-70
-84
-102
-92
-68
-59
-72
-77
-72
-56
-29
-13
-14
-13
1
12
18
16
20
26
42
57
59
50
50
57
69
90
109
118
109
86
80
98
116
119
115
105
83
65
69
83
86
76
61
56
49
40
40
23
-9
-43
-59
-54
-38
-30
-42
-49
-27
1
25
24
-6
-25
-12
7
7
-17
-23
-4
4
3
11
23
17
-10
-37
-38
-35
-29
7
39
41
36
23
5
0
3
9
11
5
-6
-2
18
35
42
61
84
90
103
108
103
99
98
101
104
118
130
147
163
163
145
123
113
118
140
141
113
101
116
138
156
154
140
135
139
150
152
132
98
65
68
129
202
236
230
202
179
161
155
156
147
132
118
109
114
128
162
215
249
251
230
197
162
132
98
128
162
172
152
108
76
90
133
172
180
147
100
77
97
124
148
157
136
104
84
88
101
106
99
75
52
48
56
70
91
102
88
71
59
55
50
37
18
2
-4
-9
-23
-25
-28
-37
-35
-29
-37
-34
-13
19
43
53
66
73
80
81
74
71
60
57
67
68
49
28
39
66
104
130
119
99
100
105
108
104
96
88
80
67
53
28
17
36
69
80
60
51
49
44
45
59
86
119
147
148
124
92
67
66
71
90
107
109
103
90
85
86
93
109
116
96
69
55
53
67
88
102
90
68
45
36
39
64
87
85
64
49
49
67
80
98
138
172
162
133
116
120
121
121
119
107
99
112
138
167
176
167
160
137
117
116
128
139
160
182
149
99
85
85
59
28
22
35
52
83
128
153
171
205
243
267
265
242
211
211
264
329
370
395
426
501
581
643
697
710
695
723
790
855
896
907
920
935
953
987
1047
1112
1139
1120
1115
1125
1117
1096
1081
1094
1108
1093
1063
1036
1008
968
924
880
848
804
721
625
549
491
441
369
267
178
124
75
-6
-124
-230
-297
-338
-382
-443
-506
-570
-621
-659
-692
-734
-786
-836
-871
-887
-893
-906
-922
-938
-952
-966
-990
-1002
-986
-951
-929
-940
-951
-929
-900
-891
-887
-877
-882
-887
-883
-875
-870
-866
-843
-814
-798
-788
-778
-761
-729
-700
-690
-691
-683
-654
-618
-581
-553
-534
-504
-472
-443
-427
-413
-389
-363
-357
-358
-333
-282
-242
-217
-199
-187
-171
-151
-140
-132
-117
-84
-38
-18
-24
-22
-1
7
1
-2
-10
-21
-21
-12
-18
-21
0
32
38
22
17
25
55
73
68
68
87
93
88
82
88
106
109
96
89
108
134
137
123
104
96
99
115
137
154
156
152
140
124
123
139
147
144
134
128
121
129
150
164
149
130
129
156
187
185
177
179
197
208
200
186
169
155
149
135
121
121
120
108
92
93
113
-6
6
16
8
-3
-1
19
45
71
85
77
66
60
67
69
50
37
44
56
69
80
82
71
64
71
87
97
97
97
102
115
121
107
87
98
124
148
137
101
76
91
117
120
115
107
104
112
123
124
112
97
88
86
91
93
90
88
97
116
136
145
147
154
155
154
152
148
141
139
136
138
147
139
115
99
91
98
115
124
119
113
104
102
113
128
132
116
98
88
82
92
100
97
103
120
131
132
123
108
98
98
106
107
96
87
85
67
50
60
85
90
83
70
48
27
44
85
112
113
106
108
132
144
125
107
106
119
129
130
132
136
140
133
112
81
55
51
67
89
101
83
58
55
72
98
117
130
139
140
123
97
104
113
122
