RAW Daten	
67
58
32
39
80
107
115
97
52
-7
-42
-20
26
68
85
84
65
57
64
58
37
36
65
89
87
72
71
74
80
92
123
164
189
200
212
232
262
288
310
327
356
380
421
459
481
472
443
427
441
476
516
517
471
418
380
357
358
389
429
466
470
437
375
294
231
194
185
213
248
267
268
282
288
226
131
60
35
5
-18
-12
20
60
69
26
-38
-84
-103
-108
-120
-118
-103
-87
-81
-94
-125
-158
-198
-238
-254
-250
-247
-244
-235
-221
-234
-273
-322
-346
-329
-297
-274
-259
-248
-235
-227
-230
-233
-237
-241
-234
-222
-186
-147
-130
-150
-197
-229
-244
-243
-228
-203
-194
-205
-231
-241
-231
-219
-215
-200
-171
-154
-149
-135
-113
-97
-99
-119
-134
-124
-104
-88
-81
-71
-43
-20
-25
-39
-34
-6
9
2
9
44
83
102
99
80
57
16
-42
-69
-28
25
66
83
90
77
26
-21
-25
-5
6
-9
-53
-83
-84
-67
-56
-53
-34
-3
28
59
80
58
6
-45
-77
-90
-83
-56
-33
-18
-25
-35
-27
-20
-39
-83
-132
-148
-118
-84
-97
-126
-130
-108
-91
-103
-123
-152
-186
-220
-237
-221
-189
-149
-106
-92
-105
-120
-126
-129
-104
-65
-37
-35
-39
-23
24
74
101
93
72
52
43
74
152
256
320
331
353
389
411
426
459
530
621
672
667
675
709
755
801
841
867
858
824
793
769
739
704
656
615
598
592
599
625
633
614
561
489
402
308
258
252
235
201
176
144
103
69
42
19
-21
-72
-99
-86
-55
-39
-58
-100
-138
-161
-173
-156
-121
-104
-113
-119
-118
-130
-149
-142
-130
-115
-72
-34
-10
3
-12
-53
-83
-71
-24
7
21
22
26
39
61
65
66
83
89
83
98
133
153
149
136
146
170
181
157
140
148
144
125
112
119
140
145
117
72
39
28
24
16
4
0
-12
-28
-29
-21
-9
-9
-35
-60
-74
-84
-104
-130
-133
-126
-122
-134
-137
-114
-91
-106
-130
-116
-72
-57
-70
-86
-90
-92
-110
-122
-97
-43
-13
-11
-19
-38
-77
-124
-146
-136
-104
-62
-41
-37
-50
-84
-130
-169
-168
-136
-104
-58
-7
13
8
-8
-33
-54
-68
-83
-85
-51
1
37
36
12
-2
-10
-26
-37
-36
-28
-26
-38
-36
-12
11
-2
-52
-69
-28
-2
-5
-21
-29
-43
-55
-55
-25
2
16
-7
-51
-77
-93
-107
-102
-50
-7
-18
-49
-66
-82
-87
-75
-61
-42
2
44
60
65
69
39
-7
-33
-19
34
89
118
136
154
171
182
176
162
141
113
90
106
152
200
194
151
118
112
120
107
87
74
74
86
93
105
133
146
132
112
108
115
85
48
41
61
84
93
99
104
89
64
54
56
58
81
109
119
116
103
102
112
117
105
86
68
61
81
96
86
76
88
100
88
84
105
145
160
129
83
66
70
80
88
103
129
155
156
130
105
89
91
96
115
160
192
194
185
179
161
137
112
108
129
133
119
103
108
120
113
82
70
98
136
141
137
136
144
125
83
52
64
104
132
130
114
107
99
60
10
-2
17
38
38
45
51
33
-19
-59
-50
-19
6
27
58
70
42
12
10
37
66
71
74
104
147
177
172
136
83
38
8
0
25
73
122
160
173
165
133
87
40
20
37
75
90
87
87
81
66
45
44
64
70
64
53
56
67
66
43
38
49
56
53
59
88
113
107
86
80
80
70
53
42
56
84
104
131
160
148
107
58
35
36
51
66
84
114
128
104
48
7
12
44
67
84
115
132
115
66
16
-3
11
35
48
54
50
40
28
35
43
34
6
-17
-6
26
53
60
34
5
-11
-29
-60
-67
-38
-21
-34
-39
-23
-4
-6
-24
-41
-56
-83
-121
-152
-148
-133
-119
-109
-90
-71
-85
-121
-138
-115
-77
-72
-85
-91
-85
-70
-67
-69
-60
-51
-44
-44
-39
-14
9
20
18
21
41
66
104
138
151
134
92
67
72
71
42
18
25
45
57
60
80
115
133
112
59
18
-3
-19
-25
-7
36
74
91
83
73
82
97
87
73
86
102
88
55
37
16
-19
-54
-49
10
76
108
103
74
39
7
-9
-8
8
25
17
1
10
39
50
18
-19
-27
-6
12
12
9
20
45
59
59
55
50
41
33
36
43
48
51
66
100
128
133
125
104
75
60
45
26
28
55
81
87
86
89
99
100
91
89
96
97
92
114
150
163
138
108
100
98
86
88
117
140
156
172
198
244
282
277
259
260
273
277
274
278
317
390
445
458
432
395
369
355
329
310
289
252
219
224
250
257
214
151
102
60
17
-18
-12
21
52
53
37
27
12
-19
-50
-35
3
33
28
10
-4
-9
-13
-19
-3
11
7
-19
-43
-46
-40
-35
-35
-33
-22
-25
-57
-91
-104
-94
-83
-74
-66
-69
-90
-114
-109
-72
-28
-10
-1
6
-4
-45
-104
-123
-87
-34
-10
-7
-3
-5
-29
-72
-93
-71
-25
16
54
91
103
67
8
-27
-36
-35
-26
-2
32
68
85
70
38
10
-9
-41
-53
-21
24
67
82
77
75
56
21
-6
-18
-27
-28
-11
28
91
128
109
69
42
20
0
3
34
59
71
64
51
40
34
27
24
39
89
149
170
136
88
50
23
22
60
117
147
151
154
140
112
93
81
65
72
90
101
106
133
154
155
133
109
118
125
107
80
74
96
107
98
99
124
139
117
71
38
24
11
7
26
85
139
155
121
76
52
38
34
70
131
165
167
148
117
87
57
39
50
90
128
134
109
89
77
71
66
57
54
59
60
58
64
65
56
52
65
96
123
124
113
102
97
74
40
18
10
20
26
28
54
85
89
64
25
3
6
10
4
11
32
48
49
40
43
49
32
4
-9
-3
8
20
38
61
72
75
68
44
27
13
2
-3
5
33
51
39
18
-3
-24
-37
-37
-19
22
70
109
147
178
169
123
86
81
98
105
87
90
117
125
105
82
69
50
24
-7
-24
-13
9
22
38
75
99
93
70
55
49
38
23
27
66
109
119
86
58
53
58
52
19
-13
-29
-23
-7
13
40
50
34
33
51
64
70
61
51
38
27
12
18
40
66
73
64
50
23
-3
-22
-34
-13
11
22
27
60
107
121
107
85
68
41
10
-13
-8
19
38
41
41
48
42
28
16
18
23
27
37
69
115
131
105
72
50
24
1
-13
-9
22
59
75
83
103
139
147
107
57
35
32
27
21
19
24
43
74
113
139
147
120
69
39
44
51
36
27
39
42
23
-5
-9
8
24
18
7
25
70
107
104
69
23
-22
-40
-11
54
115
137
124
97
57
12
-24
-50
-38
-13
16
41
64
72
66
45
22
5
-3
3
20
57
96
96
56
10
-17
-28
-29
-12
29
77
82
36
-21
-41
-27
-7
11
40
73
87
72
54
58
60
36
11
17
36
60
90
112
119
102
54
1
-19
-10
8
41
84
108
97
48
9
10
33
44
41
34
57
89
101
98
76
37
-3
-26
-33
-13
16
35
49
64
68
50
5
-25
-22
-6
13
36
73
120
124
76
16
-17
-26
-37
-49
-29
21
76
91
66
41
52
88
115
128
129
104
67
35
24
24
28
37
56
72
74
60
26
9
8
2
-19
-20
0
18
24
23
11
5
-10
-36
-44
-38
-30
-34
-30
-9
20
42
54
60
52
32
12
-4
-10
-4
9
35
81
116
103
56
7
-11
-10
5
33
75
107
124
109
72
45
19
-17
-34
-7
29
52
57
50
42
38
29
27
48
68
61
40
41
88
144
-27
-30
4
50
68
64
57
53
35
17
5
-8
4
41
74
84
88
85
68
36
23
49
85
120
151
161
123
60
7
-9
1
35
61
81
101
106
88
57
39
34
28
18
24
52
74
71
55
49
25
-6
-28
-38
-34
-21
-8
-3
19
41
37
6
-25
-19
12
32
33
44
42
9
-23
-23
2
34
44
50
52
50
33
2
-23
-35
-39
-38
-14
27
76
77
44
21
20
18
13
32
65
85
86
88
92
84
61
48
49
61
71
75
87
104
101
71
42
26
20
5
4
26
68
89
80
68
75
86
76
53
48
67
85
73
44
45
81
109
102
89
113
137
109
41
-9
-14
-7
-2
22
72
113
128
116
84
28
-10
-12
13
50
93
131
138
118
84
53
35
32
37
36
21
10
27
60
74
57
28
9
-3
-19
-23
5
56
103
108
83
60
42
12
-6
5
40
70
86
102
113
103
59
-9
-58
-72
-58
-37
0
55
102
118
101
75
53
40
34
23
22
34
32
20
16
20
20
2
-12
-10
-4
-12
-33
-26
16
68
91
86
57
9
-39
-69
-49
-3
21
23
28
52
72
68
35
1
-13
-28
-45
-46
-27
-9
-9
-23
-26
1
55
89
91
89
93
88
70
61
66
72
77
84
91
105
93
54
32
40
58
74
93
115
106
70
26
12
22
36
56
82
98
97
87
82
97
109
83
8
-52
-50
-8
33
61
86
92
72
39
8
-4
-18
-40
-59
-50
-8
42
76
73
54
42
32
7
10
38
52
44
33
36
44
40
25
26
28
16
-3
-3
19
37
23
-6
-5
28
57
64
57
53
40
24
18
24
34
28
11
5
22
53
72
77
90
102
96
68
25
10
38
65
77
84
74
44
12
4
26
83
128
135
122
117
122
118
104
97
90
65
28
27
44
55
51
36
36
53
75
89
102
114
107
105
101
90
75
66
56
52
57
69
74
84
90
82
49
9
3
32
65
69
56
52
53
44
41
52
48
32
12
8
24
51
52
28
10
7
22
33
38
59
82
81
72
97
124
120
86
52
36
27
20
22
34
49
49
13
-19
-21
-11
-12
-19
-10
9
25
49
80
115
136
129
103
76
43
1
-46
-81
-81
-60
-40
-10
34
60
59
48
37
56
98
136
153
162
153
140
125
109
96
89
90
90
96
100
90
64
50
68
90
85
45
8
-5
-8
-13
-20
-6
9
21
29
56
80
84
60
35
29
41
41
18
2
4
10
7
-1
0
6
9
13
34
55
51
20
-10
-42
-69
-67
-36
-4
23
55
70
66
56
36
3
-23
-28
-3
48
101
130
133
106
44
-14
-30
-18
4
27
57
98
106
66
18
4
21
48
60
60
55
34
16
25
54
74
89
89
75
66
52
43
44
57
73
74
53
33
27
37
38
17
2
19
45
42
24
26
39
29
11
6
10
13
6
-4
-4
17
43
60
80
101
101
65
22
-2
-10
-9
-2
40
88
97
73
43
33
26
16
3
10
36
58
55
35
29
44
53
42
36
36
32
27
35
64
91
105
103
104
98
73
42
28
27
37
51
59
73
91
99
100
97
77
44
4
-26
-27
-14
16
64
98
108
93
75
61
72
99
128
138
136
135
128
99
66
54
65
91
116
116
122
139
137
93
35
-12
-36
-29
-10
12
32
39
39
42
43
40
38
25
9
7
-4
-19
-22
-5
27
52
64
71
56
11
-17
-7
11
11
-12
-33
-12
33
81
99
97
86
69
45
32
23
23
25
29
39
49
48
39
37
36
28
19
12
40
89
131
149
151
144
108
49
2
4
35
58
65
77
112
131
112
74
54
50
37
21
21
48
68
52
22
8
2
-5
-2
21
53
65
39
4
-10
-7
1
7
21
50
66
58
40
33
40
38
21
9
21
38
40
34
42
51
22
-20
-49
-29
20
49
54
55
51
39
28
13
9
34
60
75
87
86
67
39
24
36
39
24
24
37
50
49
38
21
17
20
21
27
42
48
27
17
27
35
22
7
7
26
50
64
56
36
34
51
52
42
37
23
1
-23
-28
-7
27
54
55
52
44
35
7
-6
5
28
56
76
85
82
69
54
51
53
55
54
60
85
98
86
68
59
59
52
40
33
49
81
86
72
61
71
83
71
45
42
75
122
140
133
129
122
86
23
-21
-14
16
38
55
88
121
129
105
74
38
-4
-37
-39
-17
10
34
59
91
97
64
13
-6
7
27
27
23
38
44
24
2
5
26
43
50
50
56
67
76
64
26
-1
-19
-26
-8
40
101
137
128
80
37
6
-14
-14
24
88
124
117
98
87
68
36
18
34
68
91
98
98
85
53
13
-3
5
13
24
41
64
87
89
69
33
12
22
27
21
19
39
53
50
32
19
23
36
41
35
29
32
28
22
28
44
39
21
29
59
69
58
38
19
6
-7
-14
-8
20
54
77
73
56
35
11
7
27
56
83
88
68
45
28
35
53
76
98
101
77
51
58
85
89
96
109
109
117
128
119
128
160
182
176
165
183
211
216
216
225
252
295
328
341
361
393
412
411
400
396
407
406
408
420
432
435
439
459
471
444
380
309
269
265
259
259
295
331
323
267
187
129
108
101
77
69
66
43
11
-6
-4
-7
-46
-94
-109
-101
-102
-137
-177
-196
-217
-236
-249
-233
-204
-198
-227
-280
-315
-331
-346
-349
-337
-322
-316
-326
-331
-322
-305
-300
-305
-298
-300
-326
-354
-366
-349
-307
-268
-257
-252
-263
-293
-317
-307
-262
-220
-196
-181
-169
-156
-140
-126
-118
-101
-88
-97
-118
-125
-113
-89
-70
-53
-50
-50
-55
-70
-66
-35
-14
-11
-19
-20
-10
-7
-3
7
22
33
28
19
35
69
84
85
85
76
54
32
27
49
76
93
96
123
141
148
150
150
144
128
113
105
108
105
102
117
136
141
134
114
98
84
71
72
92
132
153
144
123
123
129
124
112
100
107
120
125
112
91
85
89
96
93
84
66
42
26
37
57
71
75
81
97
122
133
134
146
167
179
177
166
154
139
117
101
103
109
106
96
83
70
66
69
91
131
153
148
124
98
77
75
87
108
136
148
128
89
56
40
39
39
35
42
75
103
106
103
113
116
100
73
50
26
6
-9
-17
-12
2
17
19
11
-9
-36
-43
-28
3
36
42
12
-7
5
36
55
68
82
81
48
6
-2
12
40
70
93
117
140
141
120
99
84
64
43
40
71
106
114
101
97
91
80
52
37
40
49
43
27
25
39
41
36
39
60
69
42
18
34
72
93
89
77
93
134
167
182
176
134
72
21
5
26
66
100
117
138
149
134
90
35
1
-2
6
25
74
121
138
118
88
69
38
-3
-30
-17
33
88
112
100
76
50
16
-12
-9
16
34
41
52
59
52
36
26
26
23
11
8
24
43
50
37
35
56
69
51
7
-30
-38
-24
-17
-13
-7
22
58
72
57
33
-7
-36
-28
19
70
87
80
70
80
85
75
71
87
105
89
68
54
52
39
33
52
80
92
87
76
71
58
32
22
54
99
114
96
58
21
-2
-24
-36
-9
41
83
103
112
114
91
39
-24
-50
-52
-57
-55
-19
29
50
25
-3
-26
-58
-91
-108
-89
-41
17
50
49
27
-4
-52
-89
-90
-57
-12
18
34
57
90
93
60
17
-22
-43
5
28
64
80
83
82
53
19
18
38
56
69
88
98
100
108
113
90
74
75
88
91
97
112
118
107
75
44
52
77
84
73
64
52
38
20
21
54
103
131
118
97
72
52
42
55
85
116
131
118
103
116
122
120
122
136
139
116
60
32
48
88
120
123
106
72
33
16
32
59
72
66
55
53
54
49
36
32
35
36
35
44
70
93
100
84
75
80
70
41
4
-12
-11
-3
4
22
55
75
66
39
13
-1
-8
-12
-3
24
48
48
28
21
19
5
-2
23
60
81
58
19
-10
-24
-18
10
57
101
108
85
48
16
-4
-1
6
25
51
53
48
64
98
100
51
-4
-10
35
85
104
96
67
26
-11
-33
-25
-7
17
34
40
49
56
55
52
69
107
138
150
152
171
185
162
104
56
48
65
89
114
130
122
86
37
-2
-18
-10
-3
19
68
105
98
9
1
6
1
-5
-8
-5
5
8
23
58
83
66
8
-36
-55
-50
-17
27
65
75
68
55
56
68
69
61
52
42
33
20
17
39
61
65
42
18
-2
-12
-3
38
99
124
100
42
1
-10
-5
8
24
43
45
27
6
-5
-12
-12
-2
20
50
75
84
72
61
70
77
61
29
16
28
48
38
33
38
49
48
38
32
24
7
-4
9
42
58
55
60
76
89
80
55
38
40
41
33
17
4
0
-6
-1
27
67
97
113
121
130
115
55
-11
-42
-34
-10
2
16
41
67
66
38
23
25
26
13
-6
-6
17
40
53
59
71
76
69
67
90
113
103
76
59
58
71
82
86
104
118
98
51
9
-7
-10
-11
4
49
92
96
67
45
38
25
4
-2
20
40
35
24
19
20
19
16
17
26
24
22
27
40
49
48
37
28
27
23
19
20
24
27
35
35
28
6
-37
-70
-60
-27
-10
-13
-9
19
52
41
-6
-37
-26
4
32
36
21
5
-18
-39
-29
1
38
58
67
74
72
48
16
1
9
24
23
26
39
50
35
5
10
36
40
29
22
28
49
68
59
37
12
-6
-28
-37
-9
24
33
27
52
68
58
35
8
-1
8
28
51
81
120
137
115
82
64
43
20
8
25
69
113
108
61
22
3
1
11
38
55
50
35
19
5
-10
-26
-26
-11
1
5
17
52
87
83
44
22
54
114
144
124
85
48
13
-21
-44
-22
23
52
52
41
36
34
25
4
-10
-20
-27
-22
11
68
100
91
57
28
20
13
0
-1
18
35
43
48
57
72
61
26
6
10
21
16
10
7
7
17
40
75
83
82
77
52
34
33
42
39
20
10
20
12
0
2
37
86
113
119
134
135
106
67
40
22
9
11
44
90
121
119
99
85
74
55
44
50
68
96
106
101
92
77
43
20
26
51
56
43
35
43
60
56
48
45
65
85
81
66
57
54
44
24
9
22
52
65
58
51
41
37
45
72
101
116
105
66
40
45
56
58
82
120
138
116
89
72
52
36
32
37
55
81
97
90
93
103
88
51
25
39
75
99
98
97
106
106
77
49
36
21
-4
-19
6
55
76
73
75
87
92
84
69
71
81
91
82
64
65
74
83
87
92
88
73
56
52
71
96
92
74
65
57
58
66
75
89
103
102
76
64
66
51
17
6
23
36
29
23
36
61
81
69
38
19
20
24
28
39
48
37
25
29
56
75
72
53
48
37
3
-29
-33
-5
20
27
24
19
9
1
-4
3
24
51
52
17
-18
-30
-14
4
17
34
50
45
28
20
27
43
41
25
22
29
42
51
52
32
0
-5
27
71
90
72
20
24
11
-25
-56
-55
-35
-12
3
37
77
107
101
72
56
51
41
22
26
52
64
53
34
19
5
-3
-2
16
49
74
75
73
70
56
34
19
41
82
101
105
100
93
98
93
70
35
9
2
17
53
90
108
100
67
49
39
34
26
32
55
90
91
57
21
5
-4
-5
11
49
80
71
42
32
25
13
5
8
12
11
7
-7
-8
6
12
18
35
52
65
66
52
36
19
-5
-29
-35
-2
33
48
43
54
60
43
19
19
53
96
123
137
137
120
91
59
41
39
39
38
43
56
70
84
84
89
101
93
56
-3
-33
-14
20
44
67
73
58
29
11
22
48
65
65
55
53
59
65
81
120
141
116
61
16
-5
-8
0
22
60
88
76
42
24
26
24
13
17
41
66
69
56
49
49
56
58
60
54
36
16
-2
-5
19
51
65
69
76
89
89
76
75
72
54
38
38
58
84
86
61
6
-7
-8
9
44
70
72
56
41
35
29
28
27
39
53
48
23
10
19
33
33
39
70
100
92
52
6
2
37
68
86
109
136
138
97
24
-12
-18
-23
-34
-18
21
50
64
73
81
68
33
-5
-12
4
35
58
70
85
87
73
48
41
58
70
67
73
90
98
75
49
42
43
35
22
10
18
40
58
64
68
81
90
92
92
82
54
18
-12
-11
20
49
71
86
88
54
1
-21
-5
13
21
22
24
27
20
-2
-38
-49
-25
2
9
2
8
28
34
44
76
112
130
130
125
137
171
201
229
272
320
347
341
325
338
347
346
358
408
457
484
480
468
465
471
467
441
422
419
416
406
391
376
352
313
272
246
233
211
172
150
153
168
160
119
71
22
-25
-84
-125
-130
-118
-135
-167
-189
-202
-205
-222
-264
-290
-302
-316
-323
-305
-282
-289
-308
-326
-322
-301
-286
-282
-278
-262
-247
-252
-274
-283
-285
-284
-269
-248
-229
-228
-235
-226
-194
-179
-182
-194
-200
-204
-215
-221
-205
-167
-132
-117
-108
-101
-89
-88
-99
-99
-66
-33
-12
0
2
-10
-36
-59
-66
-27
20
49
52
54
43
7
-29
-43
-23
8
43
66
84
106
112
92
67
66
76
72
54
56
71
88
115
146
171
180
166
144
128
114
96
75
60
70
99
119
121
122
119
103
74
56
67
93
116
135
166
187
172
120
75
67
73
85
104
148
198
217
194
134
80
49
24
10
34
73
92
96
103
123
137
131
121
119
113
89
69
82
119
140
138
135
154
167
141
102
72
75
104
118
113
108
119
131
130
124
133
148
144
112
89
81
76
72
83
114
130
108
72
51
41
35
39
64
104
147
157
129
85
43
10
-4
11
51
77
70
36
13
10
7
-2
-10
6
37
58
68
65
56
40
37
56
75
67
43
39
71
109
123
101
53
22
4
-8
-12
11
50
73
84
84
90
120
136
132
131
133
125
112
104
117
133
138
123
107
99
80
43
18
6
3
21
55
93
118
99
52
13
5
7
12
22
45
75
82
55
25
20
25
29
37
69
115
139
128
99
76
65
57
60
81
104
67
51
56
66
71
72
88
118
123
107
77
43
11
1
26
71
97
103
104
112
117
105
85
77
75
64
51
60
96
129
145
122
90
68
51
52
55
58
56
42
37
56
87
98
80
61
64
57
48
41
59
76
71
52
43
49
55
56
52
58
80
91
80
45
24
23
25
25
29
54
72
70
65
68
68
66
73
87
81
48
23
36
72
105
120
117
114
114
104
71
33
18
20
24
27
43
74
92
100
96
93
92
81
43
22
36
61
72
73
72
69
55
43
56
81
71
28
2
-2
13
38
64
85
104
114
99
68
51
45
96
72
51
40
43
52
61
80
80
64
52
36
9
-1
19
45
60
68
64
40
9
-7
3
16
16
12
34
64
81
77
60
35
8
-13
-21
-1
25
50
65
77
99
100
70
27
9
22
42
53
56
67
64
44
35
48
69
69
53
57
98
135
133
87
40
21
9
-2
8
48
85
100
91
75
59
55
37
8
-1
20
45
49
40
32
19
0
-12
-4
6
16
26
43
58
71
73
67
67
82
89
104
120
109
76
48
50
75
92
96
97
105
117
98
58
34
49
75
97
106
114
106
81
44
17
8
26
51
67
75
89
96
83
55
16
-20
-37
-27
12
69
97
102
114
123
105
54
0
-3
42
92
101
70
43
34
25
24
32
40
44
49
57
74
82
59
20
7
20
11
-4
8
54
92
84
26
-17
-18
0
22
50
71
64
22
-18
-24
-2
18
37
69
108
137
122
80
42
36
53
66
60
69
91
102
72
17
-22
-38
-33
-10
17
42
54
49
40
37
20
-8
-38
-51
-43
-23
-5
18
49
67
48
-3
-40
-57
-58
32
80
98
77
50
26
9
-13
-38
-38
-17
10
48
89
130
151
141
108
68
36
11
11
44
96
129
128
93
58
39
26
36
70
108
121
87
45
39
51
48
23
-4
0
18
22
24
60
101
100
51
4
-30
-55
-55
-35
6
53
80
73
57
45
22
-13
-36
-13
19
25
3
-18
-22
-18
-19
-20
-2
33
50
33
12
12
20
17
6
10
19
6
-17
-17
4
26
26
4
0
20
42
55
64
68
58
24
-8
2
43
86
115
135
134
106
61
17
-8
-9
12
34
40
53
56
42
18
2
-1
0
9
22
22
13
-5
-23
-19
4
32
53
52
33
19
8
-1
7
24
28
5
-24
-38
-38
-24
-7
8
27
49
45
28
24
26
24
9
-2
-3
-1
-6
-12
6
50
64
43
33
26
17
5
16
48
72
80
55
21
8
18
17
-4
-12
-11
-14
-18
-5
17
22
8
-11
-28
-35
-29
-28
-10
27
44
24
0
-17
-29
-52
-70
-25
-3
-8
-23
-20
-5
-8
-24
-33
-26
-9
10
28
35
18
-13
-51
-70
-69
-53
-28
8
60
93
66
8
-30
-52
-61
-68
-57
-23
5
2
-24
-36
-14
6
11
25
48
55
51
48
59
71
65
51
50
59
56
36
27
48
67
51
9
-23
-27
2
28
28
32
57
84
100
92
70
52
32
6
5
26
41
40
35
35
32
20
21
41
59
65
52
24
2
-5
0
21
64
104
107
86
65
40
11
1
18
28
29
43
66
56
40
51
72
86
106
135
141
112
65
42
54
89
123
138
125
99
60
18
-9
-7
1
11
44
89
106
82
38
19
28
54
69
82
109
136
122
81
52
22
-17
-34
0
59
106
123
119
130
118
65
18
16
45
84
118
129
116
96
74
51
48
60
66
53
43
43
45
38
37
57
82
74
45
27
32
51
74
76
66
66
56
38
20
32
70
101
93
83
83
82
71
64
72
84
76
57
57
82
86
64
37
24
18
8
-1
9
37
55
57
45
41
35
20
10
24
48
66
72
74
83
96
90
83
88
102
105
91
82
97
116
99
57
41
57
81
89
98
114
125
106
56
26
34
50
54
50
50
54
42
19
26
66
102
107
85
52
20
-13
-41
-39
-18
4
24
49
75
96
87
51
19
1
-9
-17
-8
57
68
49
34
37
42
40
38
38
21
-5
-5
24
54
57
35
16
10
2
-11
-13
11
52
64
35
0
-23
-29
-34
-37
-19
21
71
105
109
103
84
44
-1
-30
-44
-53
-45
-12
42
99
113
84
33
-12
-49
-58
-24
43
106
120
80
20
-13
-17
-1
10
34
59
70
51
19
-4
-10
3
37
77
92
73
35
12
28
54
54
37
21
0
-36
-53
-29
7
45
61
67
83
102
101
97
113
131
122
90
54
53
68
75
84
98
103
87
52
12
-2
-4
-9
-18
3
36
58
53
24
9
8
8
9
19
38
57
64
67
90
114
114
83
49
35
32
29
34
60
90
100
86
68
37
-2
-27
-21
18
58
73
59
51
55
44
10
-17
-8
7
21
11
10
23
27
25
20
33
50
44
25
12
2
2
19
36
43
52
52
41
41
54
59
53
36
25
28
35
36
44
58
66
65
65
75
99
101
67
37
29
32
24
9
3
5
0
-17
-17
1
17
21
25
37
42
27
-18
-56
-54
-10
22
26
33
43
43
21
3
7
18
21
29
55
68
54
21
9
22
27
20
20
37
42
24
1
-8
-2
20
36
48
53
48
25
-5
-13
4
28
24
11
34
75
84
55
35
40
51
49
49
53
57
56
60
85
118
120
97
82
82
72
57
70
99
105
104
108
122
122
100
72
67
80
75
48
35
61
97
99
75
61
58
50
45
64
107
155
170
155
134
99
59
32
18
33
57
68
64
58
42
5
-33
-45
-27
-8
-5
-4
20
35
19
9
13
26
27
5
-18
-19
-5
17
33
44
50
27
8
6
6
13
38
54
51
42
42
39
33
29
21
7
3
7
32
57
69
65
57
56
60
71
100
107
90
56
54
49
24
-1
-2
18
40
35
21
21
40
59
60
52
36
18
-9
-23
-18
0
19
38
67
85
70
28
17
39
55
40
24
40
66
81
80
85
104
115
93
65
56
60
53
41
52
75
98
107
97
56
20
-3
-21
-11
33
82
108
114
113
98
55
2
-18
-4
19
36
58
88
102
98
68
23
-21
-56
-76
-70
-22
40
80
90
86
66
33
-2
-14
-2
25
41
35
36
52
69
84
106
119
106
75
54
61
82
90
90
75
72
81
88
92
99
103
99
74
53
59
66
34
-2
3
36
57
55
44
50
56
48
28
27
33
27
20
22
43
58
59
44
29
25
24
13
6
5
8
23
56
98
114
103
82
52
28
13
-5
-6
26
72
91
82
66
64
57
36
9
11
49
91
112
114
97
67
44
34
49
80
92
91
100
117
119
101
86
113
106
68
44
64
97
105
86
69
52
21
-8
-17
3
25
24
23
53
91
99
72
35
-7
-39
-52
-38
8
64
92
87
52
8
-22
-41
-37
-4
34
57
61
59
65
57
16
-38
-60
-44
-20
1
25
64
92
102
81
53
40
40
28
19
36
71
102
114
115
106
86
34
-8
-26
-23
-4
20
53
83
86
57
23
18
23
16
8
24
57
77
65
35
7
-12
-25
-18
19
49
53
50
59
74
69
42
6
-19
-34
-44
-49
-10
54
97
98
84
91
119
132
119
98
72
43
25
22
32
52
68
73
66
65
68
56
44
44
49
52
43
26
24
22
17
27
70
120
153
162
151
134
132
152
163
172
210
267
314
338
337
317
279
234
230
261
292
315
359
420
457
438
384
338
330
342
352
360
371
368
347
310
280
280
294
282
251
241
235
202
153
122
107
90
70
55
38
10
-30
-76
-114
-138
-162
-177
-188
-214
-246
-268
-290
-299
-299
-293
-295
-308
-323
-314
-299
-311
-313
-307
-311
-324
-334
-338
-339
-341
-338
-308
-262
-218
-197
-174
-152
-150
-174
-216
-248
-264
-264
-258
-237
-194
-146
-130
-150
-161
-140
-121
-124
-130
-114
-89
-59
-38
-20
-5
-6
-36
-73
-99
-104
-83
-44
3
45
55
26
-4
-20
-22
-22
-19
6
55
97
116
113
84
102
112
102
87
80
83
97
102
104
108
113
128
146
146
131
116
100
75
73
100
121
112
102
108
134
146
133
106
92
97
91
71
51
54
80
99
101
106
113
106
74
33
22
39
55
80
119
153
154
124
105
117
137
136
129
135
144
124
88
59
41
27
27
36
50
58
53
40
42
64
76
67
45
48
58
72
82
98
134
160
138
85
50
44
48
43
49
66
74
56
32
21
21
17
11
20
42
64
80
85
88
87
71
37
11
16
43
66
66
57
38
8
-26
-35
1
44
68
77
92
99
80
38
9
16
34
36
28
35
48
64
74
82
85
82
59
29
7
4
22
45
72
103
119
105
85
85
92
81
65
70
101
118
104
75
59
54
59
70
84
113
125
105
71
53
39
24
25
48
87
116
130
114
86
71
74
74
73
80
84
75
51
24
6
4
12
22
44
75
84
84
83
80
68
43
19
22
54
73
65
42
26
6
-19
-28
-12
18
50
67
82
73
34
-14
-33
0
42
66
82
107
134
135
107
66
40
49
72
82
80
76
69
59
55
52
39
26
24
27
40
59
73
81
97
101
90
65
39
36
44
50
60
87
106
97
59
32
20
10
-11
-22
4
51
83
82
73
55
17
-19
-25
5
58
90
72
36
0
-34
-53
-50
-10
36
59
51
33
25
29
37
44
48
35
22
22
34
53
69
74
59
49
42
37
28
36
58
58
26
13
29
55
57
48
49
60
76
76
67
57
39
22
21
50
101
137
132
100
70
42
16
-7
9
61
105
120
118
107
83
40
0
-9
8
48
85
112
136
141
119
83
56
52
59
59
55
54
50
44
37
28
24
28
39
51
67
69
45
11
-7
-6
-3
-3
0
17
35
48
58
73
81
72
40
24
44
68
66
49
49
54
44
38
38
39
27
5
-21
-17
4
23
39
41
37
28
8
-8
-11
-4
9
16
7
-2
-6
-12
-10
13
59
88
80
60
56
58
57
50
60
89
114
121
116
109
101
77
55
54
65
80
92
108
135
150
141
121
100
80
59
37
8
0
9
12
11
24
48
52
27
5
25
69
81
49
3
-28
-44
-36
-5
44
91
106
91
86
90
75
36
2
-2
21
44
58
77
100
100
72
27
-17
-51
-58
-21
51
108
124
105
70
45
21
0
-3
13
43
66
67
60
57
52
33
5
-7
-9
-5
5
24
44
67
60
40
44
50
28
-9
-37
-23
13
50
64
60
43
11
-12
-29
-42
-40
-17
6
10
29
58
58
40
21
6
-3
-7
17
61
99
102
86
73
53
38
39
70
103
114
96
58
28
10
18
39
70
100
102
85
71
64
40
2
-18
1
28
44
53
65
90
112
100
69
49
36
28
40
58
88
113
105
75
67
71
73
72
74
88
101
98
72
41
28
37
34
34
54
86
106
120
119
93
55
11
-4
-1
20
44
56
64
70
69
55
28
4
-12
-26
-22
11
58
91
105
101
90
60
16
-27
-37
-2
27
36
48
71
73
48
33
43
60
67
50
36
45
66
71
74
92
106
98
74
69
91
118
108
76
54
33
16
8
7
16
34
50
51
48
44
37
27
26
35
42
48
36
22
16
17
3
-12
-2
26
34
20
20
23
21
19
25
57
88
97
80
57
36
6
-26
-36
-3
32
52
60
74
86
84
65
29
11
12
25
56
97
121
117
82
41
26
26
8
-19
-25
-5
18
25
26
41
54
41
28
36
38
18
-10
-18
-11
-9
2
34
71
90
73
43
23
7
-8
-10
3
32
61
85
80
57
33
13
3
-3
17
55
82
88
75
57
34
2
-11
-4
8
18
24
34
41
41
20
-3
1
18
23
21
22
28
32
19
10
35
92
145
156
131
96
97
125
166
201
216
183
109
39
9
18
42
77
116
151
157
136
100
80
74
76
74
82
85
70
71
99
123
109
59
8
-6
-2
6
5
4
13
17
-4
-36
-51
-38
-14
-9
-19
-12
8
32
28
22
24
23
17
12
19
16
-14
-52
-55
-29
7
40
73
116
128
89
39
13
16
22
36
54
77
84
75
74
73
55
26
12
35
68
88
92
89
99
107
98
73
54
52
54
41
26
37
69
80
55
24
22
22
5
-20
-19
-5
-10
-13
16
64
87
71
29
12
16
10
3
0
17
40
50
48
50
44
21
-3
-5
13
38
39
40
57
66
49
10
-13
0
38
59
54
52
69
74
57
37
37
50
59
72
87
109
121
119
119
117
97
71
52
51
70
85
87
96
113
121
106
86
83
97
93
80
59
55
61
68
65
70
86
104
107
92
88
83
49
26
44
74
84
71
54
67
96
103
80
56
35
12
10
32
51
61
59
52
50
39
21
-1
-10
7
37
48
37
37
43
36
10
-1
17
44
51
26
12
27
50
57
43
28
24
17
3
4
5
0
0
25
48
40
16
-18
-34
-22
-8
-3
2
20
55
69
48
32
36
37
28
20
5
4
24
40
53
57
50
28
-4
-18
-2
22
49
65
54
27
-6
-46
-55
-18
22
35
44
54
52
52
60
69
65
58
56
64
76
87
77
45
21
7
3
19
65
105
114
98
80
57
24
-9
-27
-6
36
66
74
73
70
56
23
-3
8
36
54
50
38
49
52
37
23
9
-11
-41
-57
-35
10
52
66
55
49
51
48
37
33
33
21
3
1
25
75
119
131
112
96
85
58
25
25
58
100
114
105
104
98
69
48
54
80
92
83
74
81
84
67
38
34
48
54
50
44
64
90
88
64
51
60
73
66
48
43
64
72
57
44
41
43
34
26
35
49
56
68
87
86
55
27
21
28
36
37
39
52
60
58
38
20
12
-2
-10
-8
10
48
84
98
92
85
65
36
23
39
74
91
80
61
68
82
99
107
117
136
133
122
132
141
138
133
129
128
131
133
116
80
57
65
60
32
5
6
18
20
17
27
40
55
65
71
56
22
-5
-17
-12
-8
-9
-2
17
29
36
26
16
28
64
75
51
23
17
22
29
37
54
60
45
9
-9
-9
-10
0
28
57
72
65
35
17
24
33
21
34
58
73
71
70
70
67
58
55
71
93
98
87
77
68
49
13
-8
6
40
66
75
96
109
100
69
40
18
6
5
20
54
82
85
75
67
54
37
18
11
32
58
82
83
70
56
41
22
-1
-5
21
61
77
70
52
23
-1
-19
-18
-8
-9
-35
-73
-99
-78
-49
-40
-41
-43
-34
-14
-6
4
-1
-24
-42
-28
-14
-26
-51
-52
-12
34
56
51
40
42
52
52
49
44
23
-9
-12
22
60
61
26
1
11
35
45
44
54
72
86
102
116
112
88
57
37
42
65
70
54
40
38
36
28
17
6
4
-1
-6
3
35
80
108
113
113
100
61
11
-9
-3
16
48
88
119
122
105
64
5
-30
-23
9
54
99
124
122
92
56
38
35
39
53
80
102
108
93
81
82
86
69
33
6
13
48
82
112
129
113
73
36
37
72
97
97
83
72
73
69
42
18
25
44
58
65
70
69
60
51
57
74
80
74
80
81
77
66
35
17
10
4
-8
3
35
58
57
50
60
88
108
104
85
76
84
98
129
183
232
258
257
251
-20
-34
-50
-77
-99
-90
-86
-109
-140
-178
-197
-197
-204
-215
-217
-216
-204
-179
-158
-149
-151
-167
-179
-183
-196
-228
-250
-226
-168
-131
-120
-124
-142
-173
-199
-215
-216
-186
-150
-117
-82
-54
-52
-71
-98
-116
-117
-94
-70
-49
-23
-19
-38
-56
-66
-72
-82
-92
-88
-51
-17
-1
-7
-34
-77
-132
-140
-105
-55
-22
-20
-35
-49
-57
-59
-43
-14
16
29
34
36
49
69
76
60
44
35
17
-21
-46
-35
-1
34
58
88
104
93
76
59
56
64
60
57
83
122
134
128
117
101
77
56
44
67
117
148
124
87
69
68
58
33
34
66
98
117
121
133
137
114
76
64
75
91
98
82
69
73
91
104
108
112
106
90
84
83
86
90
91
97
107
118
115
100
100
113
119
101
91
100
93
89
101
123
132
104
66
51
42
45
40
34
56
89
102
97
93
88
60
19
-5
-6
9
35
60
103
140
144
100
55
43
59
71
67
57
48
36
17
7
23
48
44
24
27
53
72
56
28
19
16
5
-2
23
89
138
146
125
97
70
32
5
19
59
90
104
93
74
60
59
66
71
77
76
71
73
68
41
24
22
34
50
51
48
58
83
88
61
29
19
42
88
123
138
134
115
88
55
52
84
113
124
129
138
138
113
68
44
53
67
59
45
41
42
35
23
35
57
64
43
13
-4
-10
-9
-6
21
60
87
101
87
55
20
-8
-12
18
75
129
150
146
125
92
40
-14
-26
8
45
65
80
91
92
70
33
7
17
36
49
64
75
80
58
21
9
22
27
28
37
54
61
53
34
13
9
22
37
49
68
86
90
72
67
83
85
61
36
26
44
54
38
26
27
23
0
-28
-35
-20
4
27
59
88
93
77
61
55
50
35
11
4
21
49
69
92
122
122
91
51
36
42
50
48
48
60
76
68
37
18
19
26
19
-2
-26
-29
-4
41
90
120
113
75
57
50
36
16
3
1
17
28
24
12
8
8
-5
-23
-21
-4
10
17
19
19
18
21
44
91
120
99
45
-2
-13
-2
17
33
56
80
82
70
52
48
57
70
70
70
67
56
57
58
60
57
57
65
86
113
105
70
36
26
37
39
34
37
56
76
77
74
92
102
75
43
34
53
80
84
65
64
76
77
68
42
22
19
21
35
64
86
88
68
44
23
3
-5
8
50
88
93
69
43
40
53
64
72
80
72
61
38
8
-5
4
29
60
89
100
74
28
5
5
7
-1
5
38
73
88
96
99
85
56
42
51
57
76
89
75
74
96
108
88
59
59
71
61
49
53
69
80
60
28
9
17
32
50
64
64
56
42
21
16
22
36
41
54
72
73
54
38
25
18
12
12
40
76
89
74
64
52
38
36
56
89
117
128
116
99
87
73
43
23
32
44
49
48
69
114
146
135
88
50
29
22
27
34
50
70
68
44
33
25
12
5
10
22
24
21
27
55
73
64
20
-30
-65
-65
-44
-18
19
54
60
37
1
-21
-21
-14
-1
25
48
50
34
27
38
56
57
41
37
35
24
16
27
58
68
37
-6
-27
-24
-12
-4
17
59
108
128
100
66
34
12
17
48
80
91
83
66
53
39
17
-5
-10
16
52
58
43
38
42
43
49
58
85
103
84
39
13
16
18
9
6
27
61
73
67
65
58
38
13
9
21
26
19
17
38
57
59
55
57
81
91
73
38
24
27
27
21
27
54
76
82
83
99
93
51
2
-8
16
52
75
67
52
52
61
65
50
36
35
34
22
21
17
8
7
22
48
70
76
72
74
64
28
-9
-36
-28
-1
24
18
22
41
49
38
19
12
4
-9
-4
18
38
48
41
24
29
50
64
65
68
67
58
50
50
65
83
80
65
60
68
61
48
45
77
105
107
92
71
54
27
5
-2
4
13
26
41
60
76
84
56
24
27
54
74
73
71
69
56
34
17
26
50
66
72
80
70
36
-11
-37
-11
45
88
89
83
65
48
40
49
66
86
99
87
67
48
37
34
36
54
83
114
135
128
99
71
51
43
43
56
66
58
55
54
42
34
36
43
36
6
-18
-18
9
41
52
43
45
52
52
43
41
38
36
48
73
112
124
106
86
83
74
54
33
20
23
36
40
40
49
60
64
41
12
2
-8
-18
-8
8
19
11
-12
-34
-23
-2
0
0
23
55
71
66
49
39
40
50
69
90
105
100
80
52
44
54
53
38
27
38
52
56
55
65
89
100
75
64
69
71
49
23
22
20
3
-1
7
5
-6
-6
7
18
1
-35
-56
-57
-51
-45
-36
-9
7
2
-18
-21
-7
-7
-21
-27
-8
18
22
21
32
32
23
9
-2
8
25
41
58
80
83
68
59
68
84
90
85
74
71
68
60
64
83
120
144
122
82
42
9
-6
-8
9
48
86
92
74
56
45
40
38
53
70
84
90
73
60
60
67
68
68
73
73
56
41
49
51
39
27
35
56
69
65
71
86
76
57
53
52
44
53
70
61
56
69
81
69
57
80
106
105
86
80
81
66
28
-2
-9
-4
0
9
37
65
67
43
40
55
65
54
29
25
24
17
8
18
49
69
60
40
24
8
-8
-24
-25
-7
10
9
6
16
11
-7
-27
-21
17
58
71
55
44
54
64
53
36
32
37
48
55
55
40
5
-25
-34
-4
51
86
76
52
32
17
17
44
76
91
87
65
53
58
71
75
72
70
64
42
10
8
41
72
70
42
28
21
6
9
40
69
73
53
27
25
28
20
2
-1
16
41
67
74
76
68
26
-13
-13
13
48
72
76
83
76
54
34
35
51
59
50
39
37
41
49
55
70
77
73
51
21
9
23
50
66
83
99
87
60
36
32
51
81
101
120
136
139
128
112
106
101
80
65
84
117
129
108
92
91
89
71
44
37
56
92
118
121
121
120
96
64
49
33
10
7
25
52
72
57
12
-35
-65
-71
-65
-38
12
61
82
67
59
64
58
50
43
49
60
60
51
52
59
66
52
44
66
92
91
58
34
33
25
12
6
21
42
43
43
55
54
25
-18
-56
-74
-76
-58
-36
4
52
71
57
35
11
-17
-43
-50
-17
29
68
85
76
59
39
21
25
50
67
58
28
7
-1
2
2
-2
5
37
65
76
80
88
96
74
36
17
24
50
68
81
92
84
51
18
23
52
68
60
49
35
18
1
5
33
55
66
74
76
84
96
96
84
81
77
75
75
86
107
134
148
139
128
103
73
52
51
61
66
48
33
39
54
57
55
64
65
64
61
54
66
85
86
68
51
41
33
19
20
38
51
41
32
43
73
89
72
49
34
19
19
44
84
124
145
132
107
92
64
32
2
-19
-9
12
27
39
58
73
71
51
27
25
32
28
22
37
66
70
26
-27
-36
2
34
37
26
8
-9
-19
-8
10
22
17
-1
0
27
58
71
56
41
34
26
13
1
-2
2
16
51
90
98
60
18
-1
0
4
1
1
8
20
9
-1
12
26
13
3
4
24
51
83
97
91
96
87
58
38
38
40
17
-18
-14
9
16
17
23
36
54
66
57
37
6
-3
0
3
11
32
39
27
26
51
69
64
41
19
-3
-25
-29
-2
51
93
253
261
215
177
189
230
268
297
317
325
336
345
332
320
312
307
288
273
261
256
264
294
328
320
250
155
91
88
115
134
150
154
137
99
48
10
3
-2
-11
-20
-43
-92
-148
-184
-195
-198
-204
-222
-236
-227
-205
-196
-184
-172
-188
-230
-264
-274
-250
-218
-212
-217
-216
-200
-182
-181
-186
-171
-166
-185
-202
-187
-148
-132
-146
-125
-103
-99
-102
-93
-61
-38
-36
-45
-55
-58
-51
-49
-49
-43
-36
-38
-36
-17
4
11
2
-13
-22
-23
-20
3
36
50
38
17
8
16
32
49
56
55
44
25
3
2
21
48
65
83
101
101
67
34
27
36
51
58
59
66
69
54
29
33
49
58
58
57
70
81
73
57
58
69
72
71
84
118
140
136
119
117
123
132
115
88
73
60
43
38
55
81
88
80
55
39
37
36
52
80
99
103
76
35
11
13
28
42
71
102
109
88
66
76
112
123
112
113
130
140
141
123
92
59
27
2
11
54
101
119
105
91
92
87
65
38
27
37
71
109
141
149
117
73
64
84
109
129
144
172
178
136
77
37
23
19
17
24
43
61
70
80
96
86
40
-11
-22
21
68
93
104
109
114
97
68
38
13
5
13
34
61
72
58
28
29
39
26
8
44
75
75
60
58
60
49
25
11
6
11
26
40
61
77
69
39
33
49
58
52
39
33
32
35
32
38
55
68
64
64
86
102
83
42
20
22
28
32
35
70
116
123
89
48
26
16
2
2
35
72
93
99
92
70
25
-17
-17
27
89
116
92
52
32
25
11
-3
5
28
43
56
96
136
137
88
22
-7
3
36
70
91
99
99
77
55
53
69
80
69
52
54
85
119
140
133
106
71
36
45
98
135
136
134
155
160
122
85
77
75
58
39
39
43
37
27
23
28
40
33
11
2
8
10
-8
-25
-13
9
24
23
26
34
33
26
26
42
56
49
27
22
41
58
52
33
20
10
-10
-43
-57
-38
8
45
59
81
107
112
71
18
-6
-7
0
5
28
59
73
68
52
32
5
-19
-21
-5
9
16
24
44
64
65
48
27
37
51
51
45
42
50
65
55
23
6
8
27
52
65
71
71
57
36
32
37
39
35
39
55
56
40
26
32
41
43
35
29
38
54
60
49
33
23
11
1
9
50
90
103
96
88
81
49
-9
-58
-54
-10
24
58
101
125
116
70
16
-8
-7
2
29
73
104
98
66
37
27
34
34
35
51
70
70
56
52
59
54
49
65
76
69
64
59
53
53
61
74
71
58
49
44
57
90
136
156
120
48
-6
-28
-26
-8
27
83
120
121
107
103
83
32
-27
-57
-40
-19
-2
11
38
59
59
29
-3
-10
-5
-6
-17
-3
35
64
66
57
39
5
-22
-29
-28
-23
-19
-23
-35
-46
-66
-67
-40
1
35
51
36
9
-19
-45
-65
-58
-10
50
81
75
54
50
48
43
36
38
53
58
58
70
90
90
65
33
23
28
42
50
59
87
106
82
33
10
9
0
-7
2
42
92
115
101
77
57
41
19
5
22
59
99
120
129
114
88
55
32
39
65
81
91
106
108
81
32
7
34
81
120
131
134
131
124
116
106
119
141
148
139
123
92
52
13
5
25
53
65
51
36
33
22
20
22
28
41
39
29
40
64
82
73
45
28
29
40
53
77
87
68
27
-6
-2
29
50
38
22
16
16
12
16
27
41
38
41
65
81
83
80
67
72
80
58
27
23
43
60
43
6
-14
-14
-10
-3
23
59
76
70
64
61
57
44
32
54
91
96
57
18
9
22
17
-6
-8
11
29
28
24
26
33
22
1
-2
23
43
42
28
27
38
27
-4
-25
-23
-3
10
20
48
72
70
35
0
-24
-36
-36
-6
43
90
92
64
52
59
56
39
24
24
41
60
81
103
114
91
41
-8
-19
11
52
69
80
90
77
43
21
36
67
81
73
82
98
93
64
29
22
26
27
9
-18
-40
-50
-28
8
50
72
66
37
28
42
48
34
17
17
36
42
29
29
48
65
72
75
70
60
57
44
34
37
38
38
51
71
86
84
65
55
65
74
81
80
76
76
58
48
60
84
86
69
52
64
91
100
92
97
97
77
42
19
29
64
84
68
51
51
60
75
96
107
101
77
52
50
69
76
55
21
3
5
13
2
-4
7
25
36
28
22
26
41
48
51
51
36
9
-6
1
21
36
35
37
52
55
38
20
22
27
18
0
3
18
21
7
4
24
51
57
51
43
29
11
4
11
29
50
44
28
32
41
43
39
33
37
51
65
57
57
66
66
60
44
36
36
34
25
32
45
54
59
64
74
87
71
43
39
49
45
34
23
28
38
26
3
0
16
24
13
-1
-1
11
25
26
25
27
34
38
45
53
50
36
26
22
22
18
24
53
85
99
89
70
64
82
109
120
119
109
85
58
42
35
21
9
20
56
101
122
114
81
67
90
135
173
196
188
170
162
160
135
93
71
71
85
105
109
96
67
41
24
11
9
35
67
81
70
44
26
8
-13
-24
-5
38
90
118
100
71
55
42
29
27
50
65
60
44
43
58
73
80
85
104
117
97
60
57
71
68
39
21
25
50
54
49
54
65
57
28
4
-2
-7
-6
22
72
103
92
52
6
1
29
52
40
40
50
41
22
29
74
112
112
82
60
59
54
44
38
56
83
91
84
76
65
41
20
28
82
132
148
129
100
71
40
22
21
34
55
70
61
53
55
54
51
43
42
43
38
28
27
41
68
74
69
73
71
41
9
4
8
24
40
52
72
82
58
19
-1
-4
1
23
64
105
122
93
39
2
-10
-6
8
33
58
77
89
86
74
66
57
54
55
76
98
105
109
108
90
58
27
4
4
24
36
22
21
28
20
6
4
16
34
34
25
41
83
103
99
85
72
55
28
7
12
34
55
71
88
103
102
72
20
-7
-1
19
51
92
132
140
108
56
25
8
-6
-13
-2
35
71
87
73
66
71
68
40
8
-12
-18
-11
2
37
69
65
27
1
-5
-11
-20
-21
7
50
69
56
36
39
49
39
11
-2
7
13
8
8
19
27
26
36
67
85
69
38
5
4
34
58
52
38
40
42
29
20
11
8
19
43
81
99
76
37
16
19
35
42
38
52
90
124
124
85
39
2
-23
-27
-6
21
43
65
84
101
97
66
12
-28
-42
-43
-39
-13
28
53
39
23
42
74
81
59
43
51
55
49
43
60
84
92
81
48
19
19
33
42
51
48
38
28
22
35
60
64
52
56
64
43
27
33
59
74
44
5
-4
8
13
3
-8
-10
-1
-1
-14
-13
-8
-18
-35
-33
-4
37
66
65
59
54
37
5
-7
-2
4
9
25
52
70
66
38
9
18
41
65
75
88
100
96
74
56
44
42
43
54
87
121
123
103
83
67
55
36
18
25
42
51
50
51
54
40
9
-13
0
44
88
104
97
90
69
49
43
54
72
72
54
41
35
22
11
4
10
34
39
22
1
-5
-9
-4
20
60
98
106
83
45
12
-11
-24
-10
32
72
97
83
60
41
16
-11
-37
-34
-7
10
16
12
21
43
53
49
49
56
75
91
102
109
115
104
89
83
51
58
68
66
53
34
27
34
33
38
55
58
56
50
33
10
4
3
1
3
21
51
72
77
77
64
36
8
-17
-8
35
70
80
74
67
50
17
-17
-23
-13
-6
-13
-21
-7
24
50
49
34
20
1
-23
-34
4
11
10
20
36
22
-9
-29
-29
-34
-38
-37
-20
-1
16
24
36
59
70
58
34
16
7
5
1
2
11
33
48
40
28
32
27
24
22
21
36
51
52
54
68
92
90
67
60
77
109
152
199
249
274
249
213
208
226
257
277
308
341
359
363
365
377
392
384
363
349
347
359
373
384
385
378
359
330
305
273
234
204
199
210
224
227
204
178
148
104
67
44
52
70
73
50
7
-43
-100
-146
-157
-134
-97
-81
-86
-86
-98
-139
-198
-236
-232
-205
-195
-206
-218
-232
-257
-291
-312
-314
-295
-263
-233
-215
-215
-235
-250
-242
-215
-198
-206
-229
-221
-184
-154
-157
-166
-162
-161
-167
-184
-186
-179
-173
-167
-146
-104
-88
-106
-140
-165
-157
-130
-104
-72
-27
5
6
-20
-52
-82
-89
-74
-49
-2
35
41
24
4
-1
-5
-17
-7
24
53
55
44
48
60
64
53
52
66
76
69
45
25
19
29
42
51
73
99
92
72
61
58
49
27
23
49
82
88
67
48
39
29
12
9
36
77
105
117
131
145
135
100
56
39
40
48
43
58
92
106
82
48
40
53
61
61
76
109
115
81
57
59
73
80
76
76
74
68
55
56
91
131
128
90
73
65
45
20
6
13
42
69
83
101
116
100
57
9
-19
-25
-20
-3
35
81
107
117
116
117
107
87
60
53
73
101
117
125
128
107
64
23
22
60
103
121
131
137
122
74
28
25
49
74
89
109
144
171
180
167
153
133
100
64
38
40
54
54
50
54
58
52
41
41
50
64
70
73
80
73
52
23
2
8
26
50
72
98
108
118
117
106
83
51
26
25
56
104
124
97
48
17
9
5
3
16
35
53
66
75
85
86
75
58
44
33
24
18
32
65
82
75
69
81
89
80
58
44
57
80
81
58
40
25
8
-7
-6
13
39
64
73
73
86
88
66
39
37
54
69
59
52
57
69
69
59
67
84
88
75
57
39
19
3
10
37
40
25
20
37
55
58
39
13
5
10
20
21
26
48
60
56
33
25
37
26
3
26
83
109
100
84
81
74
50
23
26
56
77
77
75
86
90
83
68
65
67
65
51
39
35
41
45
48
55
70
68
70
83
96
98
91
67
55
64
58
49
52
66
75
88
96
83
69
65
65
67
88
100
80
45
32
18
4
11
41
88
122
120
101
99
113
119
106
84
64
39
10
-12
-5
29
50
37
33
50
65
50
12
-11
-7
1
4
4
6
16
27
43
59
76
71
33
0
3
36
55
54
53
44
20
-8
-26
-17
26
70
87
96
105
104
87
69
68
80
92
102
106
109
99
81
80
75
53
25
20
38
60
60
29
-3
-21
-24
-20
-3
43
101
124
104
60
27
13
6
3
19
51
67
53
32
23
13
-3
-14
-7
9
19
12
-3
-10
-9
-9
-10
1
17
28
25
13
11
28
40
32
18
4
-11
-24
-14
25
76
98
91
90
82
51
16
4
23
50
59
48
40
49
45
36
50
84
115
107
76
59
56
37
8
-9
-2
21
42
65
83
85
70
44
34
38
43
39
20
18
39
53
40
16
-2
-4
-3
-6
11
48
76
85
80
75
58
25
1
4
22
25
9
12
49
76
82
61
40
28
11
-5
-5
4
2
-12
-20
-8
9
27
43
55
51
44
27
8
7
8
18
22
20
38
59
61
48
37
35
34
25
23
48
73
67
44
48
69
83
83
69
59
59
44
21
27
61
96
104
107
119
132
134
115
97
96
90
77
61
52
44
26
6
18
50
71
68
43
27
20
12
28
66
96
104
76
36
18
20
25
29
24
20
28
41
42
35
23
8
-8
-20
-11
10
28
25
28
41
43
42
60
83
86
71
52
44
45
38
35
67
109
130
130
113
88
73
66
68
86
101
90
86
114
149
160
124
68
25
20
39
66
90
113
128
120
100
84
65
34
11
27
77
119
124
99
72
61
48
35
42
77
121
131
105
87
75
55
33
26
48
75
92
91
89
87
82
70
51
42
53
68
67
56
38
12
-8
-17
5
43
74
74
53
28
7
-11
-17
3
25
34
29
39
57
68
66
65
66
66
52
26
18
27
42
53
50
39
32
22
8
7
28
52
68
84
97
88
50
1
-18
-10
2
21
54
96
116
97
51
28
37
39
28
20
17
19
9
3
13
35
40
29
22
25
43
72
92
107
108
89
52
11
2
25
54
69
81
102
124
124
96
56
18
-14
-42
-28
20
73
99
93
80
61
37
19
21
32
34
26
28
52
72
74
52
24
9
17
25
41
66
68
40
18
19
35
43
38
34
45
59
48
25
28
50
52
32
9
6
21
26
26
36
53
61
72
86
82
70
72
81
88
91
91
71
49
44
57
69
61
67
96
112
101
80
58
45
40
38
50
69
75
56
25
13
25
40
54
75
100
98
70
49
55
56
35
21
34
57
70
55
28
7
-6
-10
-18
-19
3
37
54
54
58
68
65
54
59
67
68
56
42
33
21
-3
-23
-3
36
49
26
13
13
9
-2
1
24
38
26
7
8
37
65
65
48
41
55
66
59
41
52
70
73
59
53
37
24
19
11
20
38
51
64
86
108
108
81
34
2
-10
-27
-40
-21
12
41
53
54
67
69
51
20
18
45
67
68
75
98
109
112
100
92
89
71
45
37
54
82
89
67
55
69
86
92
86
89
105
120
116
115
112
89
61
38
24
24
32
35
53
85
104
104
92
74
52
38
39
61
84
85
72
66
73
61
36
20
32
48
59
68
71
76
75
53
24
11
25
42
53
56
57
39
7
-11
-5
16
23
28
32
27
29
28
33
50
80
90
73
49
32
28
39
60
87
98
99
90
83
73
59
54
66
97
130
136
114
84
69
60
43
24
28
65
99
114
100
80
58
24
-19
-38
-22
2
7
20
49
85
101
76
48
32
23
17
16
34
54
61
58
43
27
-1
-41
-62
-52
-26
-13
1
34
70
82
57
25
13
17
26
34
48
56
57
59
54
56
60
59
48
27
16
9
20
38
72
102
101
71
45
23
-4
-12
7
54
112
149
141
115
93
75
49
21
8
5
7
20
50
68
58
41
32
29
40
48
41
51
68
56
25
9
20
48
66
70
71
67
71
75
80
85
86
77
60
44
35
32
38
45
64
81
83
68
49
22
-2
-7
12
48
85
91
80
66
68
70
50
17
6
16
9
-8
-10
12
41
37
21
27
52
57
55
52
54
58
48
23
8
-4
-10
-6
21
72
120
138
130
113
82
35
-1
2
36
74
107
131
155
156
109
49
19
22
27
24
24
32
41
50
50
56
67
50
9
-25
-34
-23
-8
18
58
90
89
66
38
17
-2
-12
-4
39
98
124
112
77
51
27
8
4
17
43
70
88
100
102
97
85
57
36
34
42
66
87
98
96
82
50
12
-9
-8
13
48
86
112
99
58
34
28
23
2
-21
51
49
41
23
10
34
68
68
57
56
54
53
61
59
54
57
69
60
41
33
48
57
48
41
59
82
97
108
106
92
81
67
61
70
84
93
90
72
58
56
54
64
75
81
68
48
40
43
32
3
-9
-8
-6
1
12
28
50
71
76
77
84
82
52
8
-10
-8
1
22
58
82
71
49
29
28
40
36
34
61
102
115
96
73
66
68
58
42
26
9
-1
1
23
56
83
76
51
38
41
40
24
0
-2
12
8
-6
-12
-11
3
21
41
75
101
87
60
51
44
40
33
21
25
41
45
36
33
33
17
5
2
13
23
12
-10
-28
-29
-21
-13
3
32
36
22
0
-8
-4
-1
-6
-5
18
37
41
36
40
41
25
9
19
59
92
84
41
18
23
38
43
54
80
115
124
117
112
99
66
42
55
76
83
83
92
130
170
201
215
242
284
308
304
282
272
274
284
306
343
397
440
456
455
454
461
477
487
476
450
407
362
349
360
364
353
331
315
304
289
265
236
212
184
152
114
75
60
48
20
-8
-7
18
24
-7
-69
-133
-182
-204
-196
-157
-123
-108
-133
-184
-237
-275
-290
-298
-296
-263
-218
-199
-203
-212
-230
-273
-317
-331
-326
-316
-302
-283
-258
-227
-213
-219
-220
-214
-220
-234
-242
-227
-195
-158
-145
-135
-131
-152
-204
-185
-153
-145
-154
-155
-147
-130
-105
-76
-54
-70
-116
-151
-136
-90
-43
-21
-24
-36
-40
-37
-35
-26
-10
-13
-26
-23
10
42
42
24
28
42
40
33
33
53
73
57
19
2
6
19
33
50
67
73
68
41
33
44
58
70
103
149
148
96
41
21
19
28
42
57
83
107
109
96
77
60
34
10
2
12
34
57
80
101
124
141
139
136
146
145
118
82
69
74
88
98
97
89
80
52
34
48
83
96
82
75
73
64
58
58
67
88
113
124
137
153
145
96
42
26
54
90
103
102
109
117
105
72
53
60
73
76
96
132
135
103
56
27
41
84
115
124
116
92
60
44
51
57
53
53
69
91
108
96
59
44
49
44
40
43
81
123
141
132
114
101
89
58
32
39
69
91
97
102
114
108
87
70
69
73
71
60
65
72
69
58
61
85
103
71
52
53
61
56
50
58
66
66
73
98
113
102
66
21
1
1
9
21
35
44
49
36
16
9
19
16
8
10
23
22
8
-8
-18
-11
-3
4
17
20
10
5
4
9
10
4
17
53
92
117
104
71
42
23
11
13
33
74
117
131
124
116
103
96
107
107
86
69
82
96
91
92
92
69
49
44
50
52
49
38
35
34
27
29
52
69
57
34
19
4
-19
-41
-27
6
39
61
64
71
82
73
49
19
-1
-4
4
21
45
57
35
-5
-23
-23
-17
-6
7
33
56
60
24
5
17
34
48
67
92
80
20
-34
-46
-20
20
49
69
93
98
80
52
35
23
26
41
64
89
112
118
109
104
92
80
67
60
66
67
56
42
48
64
70
74
89
106
103
77
50
38
53
69
68
56
52
54
49
36
42
57
59
42
25
26
26
19
2
-4
1
1
-11
-11
12
37
24
-6
-22
-14
-2
10
26
59
87
71
26
11
35
43
41
37
34
28
27
34
53
71
56
9
-33
-22
26
57
59
71
84
82
69
51
40
34
6
-23
-19
23
68
82
71
59
53
40
18
6
9
17
3
-17
-13
17
48
45
40
49
44
25
11
16
23
22
26
52
83
100
92
72
55
44
38
44
69
97
98
67
26
-4
-22
-28
-21
13
58
102
130
138
140
118
80
58
90
151
201
229
232
219
189
154
129
122
122
125
138
162
188
202
196
171
157
164
160
141
131
145
170
180
167
163
155
132
106
98
129
176
209
205
193
163
109
58
36
44
69
96
121
150
170
161
119
70
41
28
33
49
100
164
203
196
145
84
39
6
4
40
92
121
121
113
104
102
90
60
51
60
74
85
92
112
117
98
68
58
58
56
44
40
74
128
150
123
88
83
88
84
85
102
104
83
66
81
97
92
90
105
125
131
123
118
122
125
105
67
37
26
24
12
1
12
49
74
85
76
71
65
44
13
-3
-13
-29
-57
-66
-50
-30
-22
-11
24
66
67
20
-35
-57
-38
-6
25
59
81
67
37
27
27
18
7
8
32
58
58
42
32
32
34
34
42
77
115
116
89
74
70
65
38
8
2
11
19
25
44
65
59
36
8
21
50
59
37
6
-4
5
8
2
33
91
130
75
34
12
1
-10
3
38
60
60
51
44
45
33
-17
-53
-49
-18
13
39
67
75
45
1
-24
-18
10
40
59
69
56
18
-17
-12
9
17
21
48
82
89
70
37
32
43
49
45
49
73
100
112
100
85
83
71
39
18
16
17
23
36
53
74
80
58
42
27
5
-18
-25
-12
-7
-17
-18
-1
22
25
10
-5
-9
-20
-49
-70
-68
-36
-4
5
-11
-24
-26
-26
-36
-57
-58
-29
4
21
24
21
10
-10
-26
-13
0
-7
-8
6
11
8
6
4
5
32
56
44
32
35
41
29
23
29
36
27
0
-12
-1
9
16
27
34
23
10
-3
-10
-3
-4
-20
-24
-5
27
52
61
74
72
38
-7
-29
-17
22
60
80
97
106
90
59
35
22
8
-5
-11
3
41
65
50
17
-12
-26
-40
-38
-8
37
69
70
66
76
73
38
0
-3
32
61
67
66
88
97
60
20
8
22
26
21
38
89
138
145
124
101
70
42
11
-5
1
32
68
100
123
129
102
59
17
-8
-11
3
28
81
135
151
120
69
35
12
-11
-26
-23
-1
33
51
50
50
42
19
0
7
34
42
19
-22
-38
-23
-10
0
22
37
37
13
-12
-12
18
35
22
7
-2
-27
-65
-83
-56
-12
9
4
-8
-17
-12
-8
-9
2
21
32
21
21
32
41
52
68
80
82
56
21
-4
-11
-3
23
55
84
96
84
61
49
48
57
71
80
85
83
67
37
20
33
52
77
114
132
116
77
48
41
59
88
101
90
80
69
48
22
16
27
38
51
53
43
44
51
51
43
32
8
-10
-19
2
39
66
70
44
11
-11
-35
-54
-50
-11
33
53
55
52
27
-9
-29
-23
-3
18
36
68
100
107
83
44
24
21
12
-3
0
26
44
42
36
35
35
32
35
59
75
66
42
23
8
-5
-22
-26
3
58
98
98
83
69
40
3
-22
-20
2
25
36
38
35
20
-1
-23
-25
-12
-4
-2
6
34
54
75
101
128
133
101
50
21
40
75
103
120
135
134
109
75
54
52
48
34
22
37
66
81
75
54
32
10
-22
-45
-36
-11
-3
-10
-23
-27
-26
-14
1
21
39
41
13
-8
-1
13
8
-4
8
41
61
48
21
16
22
40
56
70
68
38
4
-7
12
37
44
41
55
69
56
32
19
9
0
-6
-3
1
10
20
22
38
67
81
60
19
-3
2
16
23
41
72
85
61
32
19
16
-9
-41
-44
-5
39
61
54
39
28
24
24
28
44
70
85
80
75
88
90
71
50
48
43
34
33
58
81
75
61
60
73
75
53
22
24
48
66
70
73
82
80
54
26
22
40
67
75
73
82
92
83
64
55
67
80
68
44
33
23
25
40
74
113
131
123
101
80
59
28
-4
-1
43
82
89
84
82
71
43
2
-17
-2
24
38
53
73
68
50
41
39
34
51
91
86
64
36
33
52
65
55
52
60
68
69
64
42
19
3
8
35
58
66
59
58
71
84
73
65
82
96
71
28
-5
-7
11
34
58
99
117
92
45
24
27
33
24
17
29
44
34
7
-5
23
68
70
33
10
16
21
25
26
40
57
66
65
60
42
20
20
45
82
118
132
112
76
53
39
37
42
42
50
60
67
85
99
99
87
71
51
23
-6
-24
-6
35
61
64
70
100
114
91
58
51
81
98
99
90
89
96
81
56
57
60
66
84
117
172
229
236
219
234
267
269
272
305
358
396
418
429
459
503
539
540
515
492
480
457
429
413
411
416
402
369
336
310
284
258
230
216
216
212
185
157
132
108
96
105
124
120
83
35
-3
-27
-60
-113
-152
-180
-206
-232
-249
-253
-263
-278
-294
-306
-323
-354
-376
-373
-362
-360
-364
-377
-382
-376
-374
-386
-403
-401
-382
-366
-360
-354
-346
-355
-371
-363
-341
-324
-314
-311
-308
-300
-293
-295
-299
-283
-250
-215
-203
-209
-204
-197
-195
-200
-196
-179
-165
-170
-184
-173
-137
-113
-103
-91
-70
-49
-42
-65
-84
-93
-105
-105
-74
-19
26
49
41
9
-30
-70
-78
-67
-44
-14
10
25
33
42
55
68
82
91
68
21
-19
-45
-68
-82
-71
-26
18
35
34
36
43
38
21
8
26
58
87
104
118
121
104
77
69
83
89
82
71
74
89
100
105
107
114
119
115
118
146
173
173
135
87
53
37
51
92
152
194
193
150
90
51
34
41
73
135
201
246
257
236
193
124
53
10
8
35
67
88
114
163
214
224
184
128
86
92
149
212
251
247
216
187
176
161
138
104
66
42
49
56
58
66
67
64
57
51
64
98
128
132
147
184
227
247
240
209
172
129
91
97
120
144
160
167
168
156
115
55
12
1
11
38
67
87
93
76
50
44
53
39
2
-12
12
52
70
68
64
58
42
21
23
54
92
118
117
99
71
35
2
1
36
76
91
73
64
70
97
121
132
138
153
148
117
87
65
40
32
28
25
37
59
70
74
89
103
92
71
70
84
81
58
49
56
72
85
97
105
112
98
74
61
60
68
68
75
108
152
162
125
87
59
35
32
40
64
104
128
119
105
100
85
57
42
50
67
72
69
73
73
72
61
48
49
54
42
13
5
24
53
72
87
93
69
10
-44
-53
-8
39
61
59
60
56
39
10
2
19
32
33
21
17
21
25
7
-17
-24
-12
-3
9
21
16
9
22
38
43
65
84
68
42
40
52
51
50
49
43
48
43
33
32
23
4
-1
-10
-21
-10
13
48
69
60
26
3
3
5
2
0
35
71
70
35
16
10
-4
-6
25
66
80
67
48
37
44
50
52
57
55
61
77
70
55
50
41
23
25
61
104
113
96
84
69
43
26
50
86
98
97
98
109
97
59
21
3
9
24
42
59
89
106
96
68
54
37
32
51
90
132
136
102
57
36
44
38
23
24
41
50
38
20
7
12
33
51
39
22
25
36
36
26
35
58
67
57
67
92
90
43
3
8
29
38
40
52
69
67
33
-29
-58
-26
26
67
106
145
140
92
33
-3
-13
-12
-9
7
34
36
32
38
41
32
12
2
4
18
18
20
49
70
83
73
44
35
35
21
25
61
120
148
122
82
52
38
38
56
90
124
153
166
153
134
89
42
21
35
69
89
76
59
73
100
109
92
73
73
70
50
17
5
19
26
26
36
66
85
54
10
11
42
59
44
5
-1
18
37
43
36
36
22
-2
6
44
69
60
48
66
105
112
67
26
7
4
9
24
55
90
114
107
82
61
51
36
39
68
89
106
113
102
88
68
40
19
27
70
100
93
74
70
54
37
42
56
58
39
7
-12
-3
24
35
23
24
40
38
28
28
36
36
35
24
12
9
7
9
24
39
36
17
9
33
60
59
45
35
19
-10
-26
-36
-28
-6
7
17
35
50
38
5
-12
-8
6
25
48
59
40
17
0
-14
-10
17
36
32
28
42
56
66
58
55
59
52
29
26
48
66
57
45
56
73
71
54
41
58
82
81
60
53
37
10
4
9
35
77
121
117
92
77
48
17
18
39
58
64
49
42
48
40
8
-4
22
71
99
75
58
56
55
52
50
58
66
64
48
41
44
32
19
23
42
57
53
27
20
29
21
5
10
44
73
77
50
27
35
54
60
44
42
60
75
84
105
120
96
48
26
37
61
98
100
98
117
135
129
115
107
101
87
85
109
136
130
70
16
3
21
38
50
53
37
33
56
89
102
89
68
43
36
64
83
73
59
68
69
52
-12
-5
12
23
34
58
82
76
48
22
17
25
36
40
51
57
37
8
-7
-5
7
34
67
97
114
107
68
23
9
19
21
21
51
73
57
23
-25
-65
-75
-70
-33
7
34
58
68
82
91
80
53
32
28
36
28
27
49
80
89
101
91
52
11
7
32
38
39
67
98
102
99
76
24
-22
-41
-34
4
45
77
91
80
53
35
34
21
3
-4
-3
25
81
107
92
49
17
16
12
4
36
96
129
121
106
89
80
59
38
39
70
100
105
98
86
73
70
90
118
134
136
114
104
102
72
27
-8
-30
-34
-18
6
41
75
82
48
21
27
66
73
29
20
54
77
61
57
75
87
88
71
55
44
41
36
32
40
55
64
57
66
84
77
57
45
35
20
21
35
35
12
-10
-13
2
40
80
91
71
51
25
6
1
-2
4
20
32
35
53
76
86
71
55
54
43
22
2
20
70
107
81
7
-26
-14
-4
-10
-4
10
7
2
7
23
38
25
-3
-19
-17
8
38
38
34
44
50
24
-5
-18
-23
-26
-6
22
51
58
57
60
68
52
21
22
55
74
68
61
54
36
16
10
18
32
39
41
51
65
68
58
32
-1
-8
-7
-10
2
45
75
64
37
18
16
24
39
43
56
74
72
59
48
34
32
54
65
48
20
-7
-23
-9
33
60
74
82
87
84
49
-7
-36
-6
42
71
75
67
48
23
-4
-23
0
51
82
75
66
55
19
-21
-17
28
83
103
81
42
12
3
-5
-7
12
41
42
39
35
21
-4
-21
-17
9
45
71
77
83
80
68
56
56
60
68
69
45
33
49
85
124
128
104
86
66
52
66
98
118
102
75
80
104
117
87
66
83
130
135
104
97
105
103
76
55
52
35
11
17
50
90
115
113
106
91
64
33
4
-13
-12
-5
-5
7
34
53
68
53
41
51
64
68
75
96
107
104
102
100
97
88
56
33
35
52
48
34
34
50
59
60
68
74
71
50
40
72
88
65
53
81
102
105
91
69
49
35
27
22
25
54
80
86
85
88
71
44
11
-4
6
3
7
27
56
73
72
58
33
3
-6
-7
-9
-1
6
-5
-23
-20
-10
-14
-40
-53
-23
1
5
3
13
20
16
-2
-13
-6
22
33
20
22
32
27
16
11
36
66
73
71
81
106
124
90
28
1
6
23
37
52
72
75
53
19
1
3
33
66
92
89
61
25
8
13
27
24
33
54
71
73
41
11
19
44
51
50
55
59
53
33
20
49
83
99
104
115
131
130
96
68
67
76
87
115
-5
5
26
43
33
19
22
38
45
48
52
50
59
87
96
68
49
38
21
-1
10
61
109
117
115
105
88
69
60
80
89
72
39
24
35
57
76
96
113
121
104
64
40
23
1
-19
-41
-27
27
82
87
64
36
9
-17
-36
-24
9
33
36
50
81
93
55
12
12
27
41
40
18
7
12
24
25
23
26
38
53
56
54
33
7
-1
12
52
71
58
42
37
55
85
115
141
138
112
93
71
65
65
56
40
32
37
55
77
85
75
67
60
50
44
43
27
10
18
53
85
91
81
52
28
11
2
-5
12
48
69
73
57
16
-12
-17
-9
-5
32
85
92
76
88
98
87
88
107
133
169
219
259
284
305
293
276
268
277
290
283
308
372
409
402
392
394
384
357
325
317
325
317
328
337
322
292
245
198
153
97
69
90
131
152
150
131
101
68
23
-27
-75
-94
-91
-90
-97
-87
-76
-87
-138
-214
-269
-275
-257
-232
-189
-139
-134
-166
-201
-226
-241
-261
-269
-261
-245
-237
-248
-246
-231
-228
-231
-244
-251
-250
-246
-241
-233
-212
-185
-167
-165
-167
-171
-183
-202
-201
-170
-145
-133
-114
-74
-58
-82
-124
-148
-120
-74
-36
-11
0
-1
-14
-40
-39
-29
-23
-6
-1
-3
-13
-39
-53
-37
-6
22
32
17
3
4
-12
-46
-61
-36
-1
7
7
27
34
20
2
-2
2
-8
-26
-21
16
66
105
119
117
105
97
87
77
84
121
151
165
184
194
177
146
129
130
130
109
97
115
139
147
134
125
101
43
11
34
80
100
84
58
60
74
74
56
52
76
74
35
6
16
26
22
6
10
42
76
83
55
44
51
39
23
20
40
59
50
13
19
61
92
90
83
108
136
131
97
57
41
40
50
73
97
100
91
55
-2
-59
-89
-58
12
82
118
120
99
60
38
40
33
16
16
37
44
38
27
-2
-34
-52
-66
-66
-55
-39
-28
-21
-17
-12
7
35
60
54
-1
-50
-42
10
66
75
60
53
55
76
92
102
108
100
89
96
113
116
91
70
69
74
74
66
66
83
102
100
89
86
82
72
65
66
76
91
96
89
90
103
115
114
108
119
130
134
125
120
129
128
132
149
169
183
177
148
114
93
87
83
81
90
104
107
93
101
124
130
101
60
48
58
66
52
48
59
73
77
85
113
132
106
69
57
71
66
25
-6
-14
-17
-7
17
58
99
121
106
68
28
-1
-19
-9
6
5
11
37
66
100
120
107
83
67
53
56
75
76
69
69
53
29
26
35
35
54
88
99
77
37
0
-12
19
75
108
107
85
40
0
-9
23
68
74
59
50
43
21
-5
-11
35
107
151
140
92
50
12
-27
-66
-62
-21
32
51
33
23
57
100
125
148
161
146
102
64
55
77
113
146
164
168
172
170
160
141
119
83
43
35
50
49
41
43
72
89
59
2
-38
-49
-44
-46
-42
-28
-6
24
35
28
18
0
-20
-24
-1
41
66
60
58
57
43
16
-21
-21
1
4
1
33
70
71
32
-23
-62
-75
-82
-68
-33
-1
21
18
-3
-14
-35
-90
-142
-125
-49
20
43
45
45
34
6
-29
-52
-34
19
58
74
92
90
53
-3
-26
-10
3
24
60
104
122
104
89
90
91
69
48
41
39
32
25
33
38
35
29
39
49
53
57
60
76
99
89
58
42
37
38
27
12
33
68
74
48
17
26
52
56
45
58
91
99
68
39
48
70
85
86
81
53
18
-21
-41
-14
45
118
166
169
144
113
89
72
70
80
73
67
74
91
107
101
81
80
87
60
10
-11
5
40
68
86
109
117
100
67
48
43
56
74
85
80
66
52
42
29
21
25
51
86
115
117
87
64
56
59
65
68
69
82
92
88
61
33
12
12
22
29
38
43
40
20
2
-8
-20
-33
-29
6
50
67
44
8
-18
-34
-43
-44
-25
-14
-22
-37
-35
-22
-13
-24
-43
-22
11
22
19
44
71
67
51
53
60
59
43
22
17
